# 16 10000 1000
32.76666189526884 0.14927955275810434 0.6480849005262808
29.179485747839408 0.15898069875690984 0.7163460554235095
25.788213207665795 0.15567782636665317 0.7564608685313896
22.13768697295603 0.16657660863605345 0.9686969791402811
19.085628814449798 0.15142440244037952 0.8535593580192755
16.35757015219097 0.15622886205189132 1.0008612276224167
13.91418388112325 0.15148301163374484 1.0177626653679828
11.731917709370032 0.15124180191863254 1.1927301571506306
10.09390623003634 0.14955990495466903 1.3192837189391582
8.356233742484468 0.14448999850498082 1.2580237638707212
7.2601835091576765 0.13964247009454242 1.1897906330829255
5.6352505797565975 0.14476828397080002 1.518532228019963
4.647461813665374 0.1466640563326741 1.4121637790501917
3.6891357574470933 0.1334892091968239 1.683363173130791
2.9110420754206947 0.12803029885647801 1.4590165297397952
2.0627009228714903 0.12926142172305288 1.5169770629656507
1.8565820156991109 0.12684654762374437 1.3484638140152176
1.2159320254119845 0.1206600675416327 1.009025462936202
0.529827170198406 0.10926838012414013 1.2022414926988203
0.43616273836469793 0.10841907205203687 1.0672152301037745
0.31123313129622704 0.10071967055410813 1.1123243373590639
0.09118632014447531 0.1515507505909661 0.2758228855571233
-0.1535674117017534 0.09979008516250955 0.9182356672613663
-0.5149486999395759 0.08099538859567326 0.8070615562013783
-0.3835013953197113 0.10110613577769158 0.8831075391736452
-0.6525425255300339 0.10482395714442728 1.4419632481701623
-0.6122228505180817 0.09389448539077104 1.0629614881329374
-0.6012969037031006 0.09969640309084794 0.7888511018536466
-0.7709785073279986 0.10193045883526006 0.6313624099077482
-0.8221488853067455 0.11238270613567503 0.8421242418067361
-1.009310225235308 0.10388401681326068 1.1598744414131053
-1.0531380494437708 0.09389375563804439 1.3104961862545228
-1.0091399997470205 0.08309083709152659 1.2340560128007352
-0.9857854019535192 0.11153537279038424 1.2059199603736483
-1.1869786288921618 0.09925257477968377 1.39730915797725
-0.9891821274278567 0.09682128304782273 1.423913457081516
-0.7714577663923103 0.10426764815660403 1.508195068571864
-0.8852806192961423 0.08374868577978785 1.534676819608848
-0.9811635399599342 0.08982359886198275 1.397573830577592
-1.2683691045842123 0.10530706486196878 1.3271547256020308
-1.2448626851628324 0.11787932374778806 1.3206019758794927
-1.3869775613601876 0.1058546501376046 0.7969967962210434
-1.1475707647485962 0.1106490185438028 1.1581935740074147
-1.2299557331039803 0.09507304093367615 1.3306912953513375
-1.247161092783332 0.10916632511697578 1.2195315435629142
-1.3748440268721078 0.09123811850175419 1.2293143877792467
-1.4685578658431122 0.09057185935428812 1.4693551321567186
-1.3421716915608755 0.09017771229216738 1.3543678314691283
-1.3387722224848155 0.09995242219070509 1.448736465703
-1.5742886231464899 0.08953941764555996 1.326429432013715
-1.6388996552142694 0.11529267876342698 0.8672330616294228
-1.375396156168912 0.12633248310737163 1.4408883752747073
-1.6601003689834106 0.09369521434585995 1.4543286172328727
-1.1651234144766316 0.10959354114171503 1.1922626178568296
-1.6952245053933306 0.08765179743706984 1.5292465991254116
-1.5944579184071928 0.0990665012120816 0.8037927304573851
-1.4726089754475074 0.12211460081873952 1.2223805627751365
-2.00936130858742 0.11462362420424477 1.5316523760840446
-1.695803400404065 0.09457015061550708 0.7345008105490893
-1.7404166312732665 0.10459217205485011 1.3986768197601056
-1.8482550860405909 0.08484616864772809 1.4110803062530797
-2.020508312183608 0.08198751812668412 1.4530316957596754
-1.9730941818991414 0.09115423401135063 1.3435548797757282
-2.4105000995897763 0.09080513440949499 1.2477982890997033
-2.368803186311615 0.08699050005642506 1.411134578469072
-2.005417095667546 0.10154766315285187 1.281476387592063
-2.2020180707404764 0.09816564322187285 0.7501696345859838
-2.713499433663489 0.09757893791221968 1.6251133172909569
-2.559565052210459 0.08786042759445602 1.1254610620173378
-2.6110548826113416 0.09640253123792669 1.2920923032417462
-2.5918201507434255 0.09035320685760213 1.1067452868231695
-2.517073358476261 0.09330025738176745 1.1068657703811902
-2.697958982573064 0.08623957295924803 1.1391623486142675
-2.472688095183836 0.08887350532085798 1.347713239077537
-2.535498686991628 0.08332998882164498 1.3785464607756581
-2.8271891024371993 0.07423471123564679 1.1049392199900148
-2.7128663949271314 0.07976221286575602 0.6345443969509588
-2.958623875066143 0.0950337039071227 0.6913824106638546
-3.003661650350843 0.08295232135857124 1.4042119814601643
-2.9905684402846027 0.0791328502812755 0.9290118751254828
-2.963124905544596 0.08230415838358146 1.0537491737987972
-3.190095790806285 0.07279809401930837 1.285338805923144
-3.2400349103418553 0.07973446398339348 1.0381182094508543
-3.2589509462432154 0.0918256382134285 1.2642620522713608
-3.520950165425635 0.07375306608714834 0.9200556727690026
-3.10622976201106 0.08050451834137076 1.3442117442861294
-3.5571883205027044 0.07649674304928894 1.1878286913313927
-3.489840969374052 0.07762728553761757 1.1313855228729488
-3.8624455342010373 0.06959354203162613 1.1725139245150582
-3.8296373525208787 0.0848162187419282 1.1386117392463062
-3.7852297457517077 0.08237438925757905 0.8568086559683528
-3.9273085546765443 0.06682714329199117 0.8447975780226906
-3.8043433352391354 0.0706474311853608 0.7637756267414348
-3.9518396832040787 0.07762984558149376 1.173164308964116
-3.9020144609433483 0.06844318421118575 0.9846178697607915
-4.036470495183342 0.07199104717364495 1.0137848309501039
-4.218351047324981 0.062307958594929096 0.620307947177652
-4.0716998481459825 0.06786786811429746 1.0954975888932001
-4.356856449428366 0.05382945028451389 0.8639560024917559
-4.376214586417854 0.05717386562331928 0.7256345214601843
-4.406156377827482 0.0637941114949227 0.6278562737699969
-4.425446524757711 0.05940265849270416 0.8932567802375015
-4.388649875154334 0.05874190520840944 0.8462304826568428
-4.546980306483889 0.058938237747700004 0.8103079527520543
-4.533928894843454 0.05898290480585078 1.0941330767428366
-4.74493435788267 0.06437355398158404 0.8787045617619651
-4.632370260892167 0.06054104060245815 0.6311780436248431
-4.707280187705266 0.06648637671554262 0.8664712407295527
-4.696559410711379 0.05799420665772137 0.7377807477996081
-4.835799258547372 0.05607544152138207 0.5387658839075142
-4.760755197923677 0.05373474729794763 0.5912537722114883
-4.832870681757502 0.05850495365482831 0.6803967836311804
-4.899282126603254 0.062149157216014925 0.6782657326512167
-4.808107055286191 0.05718777162055796 0.780689142361304
-4.878472024939848 0.05477398843914469 0.6186395237431506
-5.122382643440584 0.05712616611901084 1.0779157646813513
-5.063661803220375 0.049619155195668306 0.8527364996479594
-5.213701589585408 0.056910783563115845 0.5303233771323013
-5.136157268007997 0.053869153813750195 0.7998866661486372
-5.165047349635458 0.056763523085389934 0.8861009061053751
-5.163935391886952 0.06826258393431825 0.7748816304298733
-5.203715939558946 0.0513393679724468 0.5540539338840209
-5.218100020571481 0.04756867571002736 0.6879956827940028
-5.320878650219514 0.05229297976395776 0.6123836747580411
-5.421697198819755 0.05883118773558436 0.5526936893875487
-5.351869563434661 0.06326348863561858 0.907624528893779
-5.436800420634047 0.05399371787412274 0.680516049154178
-5.519253922811735 0.056708657598534745 0.765761682553928
-5.508804186055792 0.05410829800304608 0.7651841935364121
-5.56810600303667 0.05262994804522496 0.6709660831184481
-5.51062752668957 0.05609390164725177 0.7434917594672281
-5.769484413190826 0.050338878569815865 0.6118438118386589
-5.665451150242305 0.053469529121516306 0.6660775133375758
-5.627628521845442 0.05519376689059884 0.8879852543029711
-5.759827450801721 0.05626612688431888 0.886695648946271
-5.819644223424882 0.0593828380994358 0.587161062239786
-5.945458653520372 0.05085153615417419 0.7796129486743186
-5.92237070655815 0.05311783653531204 0.9164670272580389
-5.809775267387836 0.054247919274772516 0.7263391657377218
-5.937115496643002 0.052645157385102226 0.7373201884613683
-5.885072627690279 0.05421545216280077 0.8048245125270737
-6.0629088238884234 0.05597323516300866 0.8985031984284335
-6.116002866148014 0.050683925224935714 0.8232814465332678
-6.027452214802786 0.05380922390433641 0.705984331653654
-6.180921813041752 0.052662752425922034 0.9301159202496303
-6.110236697790524 0.05350459072365721 0.6552925293092084
-6.032269363763805 0.05023166634756455 0.8988782962056221
-6.056257169539983 0.05987480793640358 0.8582772144478596
-6.210653043084847 0.05208677095621988 0.7675913268363235
-6.104824274583941 0.05498189209356942 0.8870797658756924
-6.187519454361079 0.05671384268959257 0.9221063215470935
-6.213974735990396 0.05682031222262872 0.5606750822790825
-6.317471751583936 0.05033750343737896 0.7559339076450244
-6.410949870070823 0.051456181034385734 0.6859084648143821
-6.324147638747603 0.05227579878575671 0.9882409704699986
-6.4329503456907835 0.051965811650760724 0.8378974328128823
-6.298438540554541 0.048507816811575684 0.6078393875668096
-6.449624877352181 0.056192904087978994 0.7561986133597784
-6.516379494936665 0.046380197680971055 0.7403262071217616
-6.5607696176248185 0.05107980278976105 0.7464388186126785
-6.5774365754213395 0.05482280744230526 0.9410316924155888
-6.375579967795607 0.055706908081019656 0.909282193012386
-6.654984746308513 0.05127499335268818 0.8708136725116644
-6.719840311361685 0.04788448062554337 0.8476976209221887
-6.7086407787828914 0.052097188092249634 0.7792504228975337
-6.715548611002788 0.04728451387349258 0.8079649934124629
-6.788271121967477 0.051991832484242904 0.9266306501483577
-6.796076863101613 0.047517855153712915 0.8710180321756109
-6.876236616504664 0.049584810088558175 0.8542021078593387
-6.806728436811435 0.05133996199350973 0.9814419419955014
-6.815640111668577 0.05076547283300033 1.09647697438303
-6.927964735397594 0.04911031143897493 0.899572354906975
-6.973597909041441 0.0519886759675378 0.893239620806682
-6.822123883632898 0.04840385654962545 0.8033224708325215
-6.967462612359054 0.05182607837734948 0.9156628098027657
-6.984472287822792 0.05136436685833423 0.9387023982647165
-7.081602736302661 0.045295506079879234 0.9057438239007767
-7.128091283024227 0.05235251686677452 0.9044854691262432
-7.082880719833727 0.05317272013226018 1.1509019572520187
-7.218573634535614 0.04433180232148803 0.8503236221427988
-7.1718361005515385 0.04413058164624141 0.9094773977777006
-7.164507866813822 0.0442780345394431 0.9810785920028982
-7.187721585854669 0.04351226524132479 0.9451292718088142
-7.239717975684218 0.04436863619601468 0.9614290462157484
-7.330590442857065 0.04164026074487239 0.9432803914708097
-7.308725869137011 0.043466432923103024 0.9689489249214318
-7.2602551164467775 0.043709935869442725 0.9877406226689727
-7.307173654618683 0.04223563612284213 0.91159892740952
-7.429428724292904 0.04238594496135838 1.030689124136044
-7.330043250603609 0.043094252426817664 0.8690117662442522
-7.488764188301971 0.04241077473643283 0.9312702472249248
-7.414152404189831 0.042494747171776016 1.0204040521849187
-7.362970832839012 0.04113212714068586 0.9021601837064019
-7.476404537489602 0.04279961480192854 0.8752063416401457
-7.465545957220353 0.040149563041780446 0.820569104693081
-7.5074856100485 0.04033065067586777 1.0920956690387844
-7.464864547309686 0.038348521420156545 0.933924344243382
-7.491982835919864 0.038274474722438126 0.9178680724575747
-7.546400436931124 0.03729507207522887 0.9034212044882082
-7.580161997367365 0.038201198253825966 0.897875182929393
-7.54727972841416 0.0363962308095628 0.8157085328273228
-7.661457638386633 0.03693538218032574 0.9474598464125172
-7.602660918884978 0.037026738342895125 0.9844311437573015
-7.6366707647759995 0.034060924768347996 0.770792483959865
-7.705143974271186 0.0369956749794001 1.107657607556355
-7.772424384574514 0.03466687652828094 0.8916599446834457
-7.677275923198609 0.03423783014321613 0.8836752626622038
-7.752044237095482 0.03557451485463873 0.7237959179517741
-7.71520240912605 0.03623821611154249 1.105790831753312
-7.744135618105661 0.033146277590415746 0.8816568183085203
-7.784585447117455 0.033684342425351475 0.712984023092291
-7.757548586791188 0.033539637113441566 0.700251424724772
-7.828649473530463 0.0311878526981346 1.0756529141782702
-7.805529041321064 0.02917056697138236 0.8864135953461756
-7.804528170068544 0.03182237564743605 0.9503174874073215
-7.85296212951096 0.0277949882516565 0.8385422817804562
-7.807327910784811 0.031630612502762084 0.9979350947108516
-7.807669791830612 0.029706805708395328 0.8265645528655181
-7.801679764790801 0.029063239633513722 0.8036514240774224
-7.8507999811291365 0.029703574808329414 0.9313367573192288
-7.82752127611183 0.02809621168176209 0.8372612904853376
-7.914912851746491 0.028049535529169528 0.5693397989717754
-7.8758428016872015 0.027448017139017122 0.8434102289635226
-7.838060833570653 0.03449259516666146 1.149538268640013
-7.9116539855841115 0.02787741326071837 0.49047600440433003
-7.893716189812249 0.02531250294297967 0.8469671877319307
-7.88691538091823 0.025431115983325522 0.7625743393410542
-7.904184202429647 0.025052270377761192 0.6178512441448445
-7.909713063031405 0.02430793557214062 0.6565542324273981
-7.8808561040891645 0.025785021655841147 0.9720454044969928
-7.884633050491801 0.024841435861002695 0.7989225997569296
-7.906851620471213 0.026951091114067533 0.8395463727213968
-7.932922487992325 0.023529933411358155 0.6990731555796639
-7.9077850047676765 0.02216919693791708 0.6265105015075365
-7.9607155728437435 0.022073926082791177 0.6617684127310539
-7.903952000495601 0.024431222907831354 0.7069953624875633
-7.943276903138168 0.02298871261660688 0.7942162747597161
-7.9484355269782165 0.022649403043865778 0.6244086991683726
-7.9598404474809845 0.021249926341326227 0.6527937929582486
-7.965988252538764 0.023957674410476765 0.672816647025271
-7.9388549511297715 0.02243382187909527 0.70251285183039
-7.918396806812932 0.025104706199754145 0.7027545693187782
-7.88379212801645 0.02552471240248462 0.820219811773857
-7.950964174648952 0.022441604617296128 0.5680223977066485
-7.945952777980103 0.021723446362619813 0.7735686930733687
-7.975286108157044 0.020163942667670538 0.6849670660639062
-7.919039873107325 0.021921724243355045 0.7382049198691671
-7.9140459663888585 0.020011794406360937 0.5337179439345747
-7.941213340751433 0.02139981155262342 0.753019188695623
-7.947637500917319 0.023735961714680048 0.6387930089190721
-7.969995275855366 0.01933824510529179 0.5616640897889844
-7.9462726820304335 0.021060123437529676 0.7372863869212345
-7.9904109790398525 0.020361424814904095 0.31573525429142746
-7.991096389165282 0.02070642954663278 0.5740228773942073
-7.963189924309332 0.019838389050645486 0.6998203695524374
-7.908694525345264 0.021511090439615715 0.7019632865494043
-7.9025116283225785 0.021201966963742918 0.818956472338475
-7.960832431756786 0.021383506158238606 0.8763073748054462
-7.975569460838583 0.018348259886757652 0.7318612518462988
-7.951086936948011 0.01994369762923705 0.6360883972288522
-7.912388497036478 0.020598794732856387 0.6020369610015097
-7.939311715476732 0.020062195248605186 0.6004347752101094
-7.986939965286595 0.018784735979509457 0.5914007456945041
-7.948181633987881 0.017810719986820055 0.6246237406764181
-7.968280366763771 0.02304292289687919 0.6381778482231015
-7.940923970922311 0.018944739880189982 0.6007024875079967
-7.94773573815343 0.01956912249356389 0.766082440885562
-7.9257575174796155 0.023060033021005677 0.8706966977597863
-7.907461893009543 0.020971515020306034 0.751423741321672
-7.930518224122046 0.020250945407921026 0.7996682811509574
-7.966838532725018 0.020638632498038236 0.7629590497296699
-7.959713282548283 0.01804785627845578 0.5814164912398225
-7.982460910509862 0.01960032428278052 0.4784525305714361
-7.956073413862824 0.021972787707257302 0.6281051916625862
-7.983899578368213 0.018261687824637336 0.5555520976844539
-7.9692185546936365 0.017480729352283515 0.5440026049298228
-7.917040405908922 0.02313943862830849 0.6780176166962244
-7.936038069018695 0.01836364075795258 0.48931484136163983
-7.959700351734105 0.019440837922317662 0.6537473423036018
-7.965609065245474 0.021378073233605854 0.7009158751751674
-7.956064336295254 0.019588375560127498 0.6401900835162118
-7.976515332774249 0.017874970110581114 0.5732397439592609
-7.94301128024596 0.021031735878151544 0.7522595467537168
-7.926361248017912 0.019525129577791216 0.48741686639767445
-7.900549196646037 0.022117632333502803 0.8381339305055335
-7.949088422799638 0.021241535514937928 0.5339565999744176
-7.917136012373233 0.018131711123388475 0.48096596045131645
-7.959944264452224 0.01808494494249627 0.6520815536065516
-7.980516041852003 0.018906309342823748 0.489624104635799
-7.895755517967725 0.019694438810683217 0.6697064033930238
-7.9640212433086 0.018663555079647356 0.6277682513709328
-7.97861512175563 0.0189155384450207 0.707464548620409
-7.9105103182741034 0.019752535810706105 0.5096754499704514
-7.9216123886840375 0.01913144110666208 0.36453266873715817
-7.9669422623969135 0.021662411576489796 0.18192951760263532
-7.969472756516401 0.018388367123997204 0.5574440392292181
-7.947791109331386 0.018120190865509547 0.5768598928608177
-7.903997391564187 0.02322493772045339 0.9949075841591568
-7.942716029326534 0.022018692857488746 0.5871459427157226
-7.935674209760016 0.019015649094226535 0.6286645912382922
-7.915316617441416 0.02074965782116963 0.6455479566219835
-7.935197068191275 0.019081157398023914 0.7833385402786104
-7.9209744390233405 0.020298501882602106 0.6490899994072821
-7.97053373732937 0.01995080221143002 0.36850845491348405
-7.964704724681573 0.018658402349227127 0.48713383919062636
-7.949283074107445 0.017012062697853353 0.6822612741485594
-7.9353067397578725 0.017295808488532374 0.4817683548431596
-7.965544922868039 0.017555606657078702 0.5090014277828967
-7.946039105265205 0.019555161433221124 0.7043411088792471
-7.937944185182785 0.017338015777442452 0.4918958447838653
-7.937098913124837 0.016750458448583548 0.540155527950523
-7.950694452651404 0.016431074667183375 0.49616592154196903
-7.950887774498428 0.01865236482048906 0.6062129733141206
-7.920594977562163 0.015386979849686913 0.636376848106718
-7.914552416580396 0.021128836906325707 0.25405785644442014
-7.894076815711235 0.018277844704919263 0.6543786820196527
-7.961212054670984 0.015443194831671355 0.5017483425824136
-7.933126419068789 0.021201645679719335 0.45872366957282573
-7.942266391204705 0.018952772951412185 0.6333671309265296
-7.946793166905436 0.0199306614068032 0.6044219868451088
-7.9225255707815245 0.02000715225823033 0.5345977036689806
-7.9017097777772145 0.025162504824934255 0.1196820263315922
-7.916246078618854 0.01829007715326109 0.6547327202719204
-7.92509930222479 0.01812152100551656 0.6547254566384886
-7.949787019224423 0.0189721329548256 0.6476831801593768
-7.910699739645909 0.021114037058596442 0.5387915200668734
-7.963819506981617 0.01690554135855112 0.6014638451207992
-7.924052069199915 0.02061919104361889 0.6557802753853017
-7.920949169970634 0.017986372308610443 0.7389748294539129
-7.940193042088178 0.017712221715387357 0.6601933189158118
-7.941969810115485 0.018119702561643768 0.7926678379051406
-7.906521688694206 0.01713402827544033 0.5027169291556244
-7.933046901587538 0.017316492925892 0.7856770663362771
-7.959536927678181 0.018573218017438317 0.47395932832197984
-7.934857675412871 0.016611779428875723 0.42795111969188293
-7.919508296581283 0.02071085975940986 0.8372517228009155
-7.91394430117599 0.021216977125056435 0.7449728714387946
-7.934026596710311 0.0204515913210855 0.5989787581085253
-7.946351657953441 0.017200203759630866 0.6773967455601422
-7.967642988116576 0.022925353017375593 0.3540719246149553
-7.942284944951683 0.02089940105983672 0.6557921834077278
-7.9050966213836675 0.022163447277879136 0.8294656796082827
-7.918408092180921 0.015830225032799138 0.6612173271510822
-7.933008847678553 0.019231155537686135 0.7154807701366526
-7.937993186858447 0.020840047450921665 0.7735778740823263
-7.939433890611999 0.029887427895622078 0.33417932654056826
-7.93727885753415 0.02362384243084105 0.27023671437443986
-7.938939272026403 0.017915715731315254 0.6073475158812622
-7.948244316514716 0.01638008967159726 0.6098444216199188
-7.9489865250042655 0.017710889000357312 0.587230343597108
-7.926982609527208 0.020618069667780535 0.4958885921439665
-7.923168585769091 0.020824391479796065 0.48674434647522213
-7.929299980831746 0.021088961680320685 0.3299212278148308
-7.927265149424024 0.018578115786340256 0.441361311254416
-7.933822433087919 0.02014306730947695 0.7223273015705804
-7.938667698341321 0.015144606082516308 0.7011137503859255
-7.935087277785342 0.021301454058109348 0.5710189592997779
-7.935986251198886 0.019987595147879168 0.39772675074862085
-7.924075428959595 0.02014563097688208 0.44180730125918644
-7.930006038469498 0.019719274126872875 0.45592339471986587
-7.934528402287553 0.018234822890770767 0.31674528140709113
-7.919655385003514 0.01989570694500935 0.7633379580461506
-7.898046291870579 0.019106470996314087 0.3830490055392133
-7.907768093536246 0.01897813533110484 0.6150001120638817
-7.935153844863676 0.015822752475435634 0.4832248755332964
-7.936265244230849 0.018304914028493435 0.48335485940122214
-7.9214875626811425 0.017449806183792226 0.5198547965647269
-7.91994710741745 0.01644126660899078 0.346497202371686
-7.94383645659753 0.016113918858963582 0.35452750196980565
-7.893952317461989 0.019129101521032248 0.6906125184998466
-7.92342718401278 0.021083415082196064 0.24270990990154284
-7.925759791509779 0.018806827390983542 0.4896450933586095
-7.902995503484999 0.01917826761775241 0.5216838159795478
-7.936430757523175 0.018521468680822436 0.4233894892056853
-7.938463064705373 0.016677162923951293 0.5829823018787161
-7.933932427117108 0.016038847180382017 0.35722379531326043
-7.936977131402163 0.018451810004453006 0.6212866490969549
-7.9001804198108925 0.021083182634533962 0.5757163017578495
-7.900925590151467 0.019099873753312062 0.41354099896466034
-7.918238517029681 0.018570944989267306 0.3494745357073189
-7.951483632681262 0.018820746028533425 0.6696299746830383
-7.918776671984 0.01811949719024133 0.5995796203589456
-7.902973851952222 0.01878413173728112 0.37545509455585935
-7.95263361115732 0.020332471536752165 0.1441204353839688
-7.916523771769657 0.01790114252287626 0.5248439284363613
-7.960896885357304 0.02326661242840691 0.21519999388098932
-7.9767853331087135 0.025590924818893464 -0.0455529341453344
-7.899536434852475 0.019489396488867876 0.6277764682922078
-7.939100766984581 0.020190493953189496 0.7123305646758236
-7.931599124753554 0.01954829013345185 0.5768409779624462
-7.91542054939647 0.026756172984229484 0.5676761464011657
-7.906690457320134 0.017853313095607403 0.42121287851648537
-7.907466298502194 0.018671784617089772 0.5818848438703343
-7.9110779297058675 0.02217194481522824 0.534626890224567
-7.923828736701356 0.020944703577680884 0.4790679153187116
-7.922784468575634 0.019526373315840215 0.7011490929011539
-7.911592399675289 0.018897847106036703 0.7371061158991519
-7.918505504661857 0.020208707726897708 0.6605744986001507
-7.914422485898501 0.018843119084326843 0.5188545202226846
-7.91050775123766 0.016518259738806464 0.668879990760076
-7.89251648438408 0.021526144981680106 0.8421933529649073
-7.899572021181969 0.019646755715455468 0.5514687938185783
-7.960469582000377 0.02214710203165462 0.25663313405341104
-7.900676724823716 0.018226837919058648 0.5017401534544832
-7.927340392206301 0.021884092501047343 0.6163816726995461
-7.9078802481023045 0.017529059338193292 0.4800019840903278
-7.9264372877132665 0.024466715035414276 0.2606431033913328
-7.93287285555737 0.018165643302794427 0.5368624823332646
-7.928322164226168 0.018601630964516964 0.7558325729720525
-7.889622395317892 0.01841806397305969 0.5479226638018779
-7.923216234739441 0.018096456056847447 0.4793639574941376
-7.92550435940315 0.02037733303556816 0.5182994015507614
-7.92803057179541 0.019731089190964866 0.550560520121768
-7.919841021697435 0.018939962560131997 0.8922113320398799
-7.896217395253553 0.021877227196760673 0.3812592033888128
-7.890265580046499 0.020395122659515076 0.7569742694761381
-7.922769879334039 0.018072549883929284 0.6222561698147473
-7.940968678392836 0.01760426510449019 0.6135508808193959
-7.9277854399483525 0.016562026148752573 0.6835401474930365
-7.897828322327426 0.019004618538265863 0.6874150866775461
-7.905099840438995 0.018647852536951587 0.2619110232586316
-7.926340700576951 0.01861953542621587 0.38461866500343334
-7.9104991052459 0.01712084562958317 0.6059117541517143
-7.934798473382828 0.01945916491219184 0.41640991212193734
-7.904851918405139 0.016316425362080358 0.5095398701679585
-7.887714468796214 0.025601283088336233 0.39388872125720187
-7.911650170096466 0.020774560413087152 0.4918693447453836
-7.9202332892844955 0.020749834233982273 0.5978717778151204
-7.892502984448184 0.018466636261397832 0.5738101059344987
-7.918078399557356 0.016718773587341605 0.561569575636079
-7.899744624574541 0.01730490077107514 0.6653110271871963
-7.904292417334556 0.018456835230600606 0.6958490048060162
-7.903455738190939 0.017630153107670878 0.6376901263324688
-7.921723905237667 0.016359752178723957 0.5197755563520206
-7.955696349807463 0.02044234758874521 0.4990177637227502
-7.889027279019703 0.024533750988056373 1.077472141025686
-7.937396976575949 0.018618537235616486 0.33572874252999296
-7.9232725707453255 0.017553786550230883 0.6037474848503874
-7.9431777760392785 0.01644825581878404 0.6039808814207857
-7.932815883460301 0.017928239771678255 0.656373132265468
-7.923373061793944 0.019517909458817616 0.5859934944743725
-7.929176334340615 0.018237333329707592 0.6504264230842591
-7.920121728785006 0.023353412473833626 0.44741704874896193
-7.955770553340461 0.01754112236595192 0.38543110142348236
-7.959079470173904 0.019441860042760637 0.45515116808229583
-7.909813364876717 0.02176415400299459 0.5711331574358463
-7.92281719510117 0.018034221923352415 0.6787055984086046
-7.953774972564259 0.018273127323223313 0.6063251447513489
-7.949152749598985 0.015551685630798772 0.5434775002004064
-7.915518737397914 0.023899698384277523 0.24172891023449428
-7.940717938757386 0.014416018570103472 0.530944559159835
-7.8868971316072995 0.01897077231165774 0.5407806004018707
-7.892792923507974 0.017684894029334937 0.41787010626619603
-7.9203224752182715 0.02045690110781993 0.5132601668336443
-7.87270599597609 0.021422562761117564 0.6552167601943157
-7.951995021093116 0.01694149760735959 0.508531978137303
-7.914217896194827 0.019519973235797575 0.7346529336874306
-7.931280564931881 0.022118340240898843 0.5737599985943587
-7.936268380863437 0.018395499475426427 0.4537381531657366
-7.925505586529488 0.02005194447105798 0.7715868658286049
-7.912781392898159 0.026978997462413442 0.21933540613501834
-7.938897818433187 0.022547226529559608 0.806870852873852
-7.896747813182541 0.020954237231380457 0.5114487940504979
-7.896625186869083 0.018926172253421993 0.8138099339199774
-7.907090634113057 0.01947854996109772 0.5882026828958706
-7.9711626094365515 0.018541314760902414 0.6454551922152456
-7.871870631999888 0.02041476486251587 0.6217342566402522
-7.9103023788362865 0.01826027998777045 0.5484786562724617
-7.936242119003402 0.018456143152348035 0.5700547669875891
-7.909278279139076 0.01800638758456186 0.48002990758665276
-7.912313434171862 0.017763931761797486 0.184923633053661
-7.886661199739137 0.02260618842699495 0.9480302035684491
-7.937366632004756 0.019935281501984637 0.7043079175281166
-7.945582572003108 0.016826228887532123 0.511005391251576
-7.908728120563379 0.020755642966899458 0.5510457208767441
-7.919458764117725 0.016681700476057205 0.7015204996962088
-7.941963195383728 0.02032073563487542 0.5291085674547773
-7.9144857722282635 0.021244604400867003 0.6101446433368549
-7.908763492412624 0.01883196206411839 0.5000178773652295
-7.9331375818252186 0.01833684316891673 0.5265044187369516
-7.906096624572702 0.02102734779566946 0.819202718030555
-7.93506212960075 0.020707150439679876 0.5946577924243299
-7.922847445395862 0.018409499557143858 0.6510084100741513
-7.897714024594546 0.019590722591641446 0.7301415245988669
-7.920553581766423 0.02205477580828128 1.0696443342216932
-7.947322290042049 0.017444026849277035 0.34166716615211923
-7.932039204978443 0.019196504645137707 0.7894729747866844
-7.9232788612895435 0.01873272390255083 0.48128950095036616
-7.953533373130844 0.021868105428872093 0.48394025690858655
-7.910078124295045 0.019974915317636965 0.6838921999846146
-7.912232765154618 0.019192753363268127 0.6942038148431582
-7.919380312316932 0.02084348991336069 0.27563526091728285
-7.9385392685923675 0.01801433207237424 0.6115442763275711
-7.913935703410983 0.018856869572442377 0.7140919636383212
-7.929899327074874 0.01702265047704951 0.7266124295445848
-7.9520149065341785 0.016101328825322968 0.6456569699826085
-7.891954063369238 0.020403369096135687 0.6203784210126384
-7.890456597869145 0.018369954455993147 0.5048404263616775
-7.888337408837098 0.018685857178927286 0.4313552105338069
-7.894389312898298 0.02342253362364843 0.48086746959371185
-7.930809002888289 0.016814414123801805 0.33686117134437377
-7.902481703941067 0.018064545725982303 0.43592071874699156
-7.912855312790286 0.016691791903661355 0.6076875549963066
-7.88540354458 0.019288548719580398 0.5738025015388644
-7.8637267026499496 0.02696663435901674 0.40386653542783857
-7.898261209986739 0.022946158964370654 0.35811064352665123
-7.912946636532853 0.017781498888480903 0.4705883903764271
-7.949245295013332 0.017583225496930466 0.3114025931343867
-7.947097041358766 0.014744969943287077 0.4069501180742907
-7.928924075775978 0.01918314809266173 0.23258296650647436
-7.893454492425539 0.019212436965362345 0.6289503191352306
-7.925440292941746 0.02259793561544009 0.6969640854013528
-7.906535509583155 0.01795999575183801 0.3989917527120258
-7.915036242162673 0.02193700959978779 0.345273024901943
-7.9498447499289675 0.01788317941633457 0.8207818163748399
-7.934689797046596 0.01615019254998289 0.6295014070393781
-7.902241574526401 0.023501387600373923 0.8908822294727954
-7.891016694081744 0.020533397371545022 0.2729257079929379
-7.934259247271673 0.017603410020424537 0.6308137571611545
-7.909904563726596 0.017542326222384243 0.3314614238107553
-7.909615309530994 0.01897188568265715 0.5415609046662451
-7.924861464263371 0.01734450436079367 0.4695681790551153
-7.891901776354857 0.020616580521421547 0.6016281108716659
-7.8964031668988515 0.018534748093317937 0.32409121613795266
-7.928104256367203 0.0297725803455949 0.24167379581050596
-7.889517260658871 0.02758314604268331 0.5300610173060367
-7.916846057862205 0.01937530973569235 0.39609153395532803
-7.937121819707987 0.019036654489622714 0.761018097836146
-7.953746825191354 0.01912067897624702 0.3396148663676576
-7.910560058655138 0.022972922863464525 0.561297819646444
-7.9309851660055655 0.01746975055490498 0.667741249753993
-7.919934528739353 0.01698566508187656 0.5309705072734177
-7.8911049321264874 0.02450011104514746 0.9611334616549472
-7.941823211013191 0.01755016364997179 0.6715246564048543
-7.927999790363672 0.02002404798555686 0.8298022154055715
-7.931818507193263 0.02093917492843291 0.5998231251732913
-7.929581271450437 0.01823296347221269 0.9379741064052627
-7.93597743889671 0.017753086308960397 0.539271174196567
-7.941621053971317 0.019243870281126323 0.43540566639848
-7.941676055672986 0.020512230480491483 -0.049252493640063066
-7.916326841964541 0.01880787141422838 0.6145985167264776
-7.920840132232703 0.021247577562117082 0.3282734187228342
-7.964189433439937 0.02048761464710664 0.0872241691809007
-7.937004213661148 0.02101321225458481 0.02705941436858983
-7.925264527255936 0.017945400889554684 0.5839526824953309
-7.921488636945926 0.02083701025678713 0.51185057177356
-7.912860367501506 0.023286532445856628 0.7002600231795646
-7.965694866124921 0.018415531739985554 0.5213066436550429
-7.906747000332366 0.017118686359866648 0.6077620656425458
-7.917793285680357 0.018625127833863293 0.5592620391207987
-7.915378075130367 0.017539887988055412 0.5413262780276777
-7.966816283755031 0.01716996047807376 0.7238858483942316
-7.926874002677662 0.01911940067072637 0.7324598811080025
-7.919985129161172 0.01575843930222679 0.46662889931440954
-7.944928925961766 0.01773183712254388 0.4241266365781349
-7.94631306607615 0.03252581581934227 0.08308288681685794
-7.911369874756306 0.02024395388680083 0.9194887703627088
-7.940363835305887 0.021083861962694194 0.4569737634513946
-7.913345801687913 0.020626956645633847 0.455772834450624
-7.906425412805735 0.018628978031253112 0.6422410869494228
-7.902611909747339 0.016600636559008394 0.5344300221339326
-7.889450217506437 0.020547138917774672 0.13433232327383082
-7.921792964954904 0.017829691908824198 0.6524210744250343
-7.916407733599807 0.018069184490111908 0.5377526191160529
-7.894548034577918 0.018063008790810332 0.7003090087489678
-7.9373169997470585 0.02088669202835357 0.28439614803240176
-7.903610829268964 0.020617065379097965 0.6868304396236873
-7.870659489647704 0.0234979295950071 0.4633876693961184
-7.9457261871704485 0.01846300992722025 0.6421052609195792
-7.92343925123066 0.02018688171254548 0.30983049445126787
-7.907978886564813 0.021739033447410374 0.5372848260606284
-7.93130713184581 0.01710743861328662 0.6262620856708792
-7.924249848549473 0.014203422224102277 0.4664934130376063
-7.922444783557948 0.019317159734705772 0.5472943193736248
-7.913386231172204 0.02029616580610531 0.46385681209322327
-7.902209595121662 0.021891541565578997 0.6376310871805153
-7.934459216971411 0.027451001335847765 0.218486026968556
-7.945816103217277 0.015754109768368784 0.09889975911138282
-7.910506925302293 0.01910547110696018 0.5501869578777194
-7.893105229656585 0.019211593715978924 0.7765032142056145
-7.915900646883626 0.01635036191751362 0.5792728457479623
-7.935577387583156 0.018140250276851906 0.4765395297707722
-7.91626641829352 0.018622993311629064 0.6107968532440888
-7.93515224097236 0.019216973238361225 0.557358710749221
-7.905809403174671 0.019730970537383912 0.38373476003812845
-7.939122796396955 0.015179226962429916 0.5900171423718221
-7.928390196689715 0.019628195362120796 0.6028802761559597
-7.9375803752959095 0.018970615978810702 0.5137113417394408
-7.925094388632833 0.018310662521214754 0.9333848521105217
-7.974150230501513 0.018039224330839966 0.5005042003495159
-7.902044956512165 0.021083945874309454 0.4925012783778754
-7.907257994577721 0.023027455289106966 0.5540159256735262
-7.935926642113204 0.020483967963319687 0.7432592865597243
-7.943790870553186 0.0199707421598826 0.4941382128585349
-7.900346398334111 0.02030255403966473 0.32304598377204063
-7.906137893350977 0.020019325942922703 0.44665837685377296
-7.946696461892992 0.02114286601083217 0.30576653041786617
-7.936541417566614 0.022266431451922194 0.8347251202744594
-7.923411885052322 0.015989803990197886 0.3970045749822094
-7.899034383648604 0.021901749373988 0.6895889337442513
-7.927122786689195 0.01964794221356011 0.5596977641636736
-7.947897843332623 0.017666530175009222 0.522141599305948
-7.929125069458324 0.01780809198841899 0.5818873573179377
-7.898954444480996 0.020067796014329856 0.5940585666817151
-7.90475680231902 0.01933497798168938 0.7892994654691341
-7.944337538909445 0.015798274298164387 0.4314134253921933
-7.949398564171032 0.01945339707549299 0.46303211598756533
-7.926803543803524 0.01979508133812412 0.6446982279527229
-7.894052624545707 0.020448761392681446 0.5189202399490942
-7.903754200663413 0.019827378071712268 0.6231068445818748
-7.909303792698061 0.016979016514751727 0.363947529055334
-7.931948273077932 0.017484007373202617 0.6279457851883972
-7.921480020026912 0.015560265237412906 0.5310501383570283
-7.897846007128047 0.020909359595436865 0.4132710914469854
-7.921668806033305 0.015880724377488397 0.6228334802560132
-7.909958426145489 0.022739061709119445 0.9825392893129912
-7.884794028717753 0.01783257342687372 0.7883783549145134
-7.8809236803388485 0.025459704955638308 0.12853713124573252
-7.901034152021411 0.026118664695993807 0.8225204844827321
-7.907145575784998 0.02517823608413139 0.38112324861717495
-7.922918996955689 0.0226029275492166 0.4101197192266607
-7.908281844326775 0.01805425760123841 0.36148211736238145
-7.876506583393537 0.02157270651185198 0.40106097811810026
-7.948176333931019 0.01875331662847899 0.4814834306113568
-7.932058979453509 0.018191402883102007 0.5139307669162514
-7.95913522511058 0.01810771661008762 0.5113797502071373
-7.962897579509886 0.0178214181837226 0.41987368757578847
-7.935735682658776 0.02106991535193189 0.5239778242991335
-7.9491354149084685 0.017526344915364218 0.4975038356188328
-7.951809862644117 0.021186662795653132 0.3320971994617484
-7.900342987009176 0.023638987718750955 0.8507697778210044
-7.921854533432016 0.02056605184613448 0.6556387515156632
-7.931516841478368 0.01940062956090413 0.6815401566632868
-7.930674117052529 0.023881479918796897 0.51329840177141
-7.939138883892582 0.01901820221697213 0.6229625736493736
-7.933802320584524 0.017111391548528965 0.5255069550446987
-7.9540664285646505 0.01754743892963824 0.46597988106576893
-7.922811857868156 0.01712635799560992 0.4338408872118985
-7.919350977777411 0.01756552100506226 0.6696015711178589
-7.937732636146207 0.018969102459169458 0.5130529476551415
-7.919002350455207 0.01740128275882607 0.40694400263403063
-7.945161304572107 0.019347188065504582 0.6369887190992607
-7.941259262226177 0.019686657037023162 0.7318762625122657
-7.891248273785822 0.0174454810083248 0.6501175253352491
-7.9043394089119525 0.020530048620285544 0.6734602110363672
-7.9023123106326 0.019523176449760583 0.4732335810735402
-7.9332281077166815 0.017001695028088338 0.3450924027914787
-7.900445294270324 0.02577543080718675 0.3462095002132405
-7.907800238442651 0.02178751219782531 0.3739288278140379
-7.927923978680387 0.01963492759756907 0.8942845713089596
-7.931479280683109 0.019060313011831965 0.33169040097500024
-7.927069153704224 0.020664761510339996 0.42117046981856077
-7.930894605603256 0.020175182243037652 0.34087103102651606
-7.951750641576663 0.016335382851549774 0.4512872512620999
-7.944315378501797 0.018107124336493814 0.6246678606864207
-7.902218074304032 0.021446723984033356 0.9253557220314883
-7.913143624152482 0.020416429350431007 0.676325085245556
-7.911906033290651 0.018456738170658498 0.4572442301168209
-7.953306274417595 0.018025044263282382 0.6793086118836043
-7.911158284184266 0.019191070563028392 0.539527375634985
-7.91532991436232 0.02084796667785993 0.5813049886090675
-7.91267211578442 0.02200019063499082 0.43954722080917064
-7.931980230206576 0.019271807139574857 0.7827213965698401
-7.944748072327862 0.019815013569201862 0.6139179300601625
-7.9283304282955935 0.01693155247907601 0.423019588518352
-7.914176619550117 0.01997487401297146 0.31020319182042577
-7.935661172289881 0.01840924804508147 0.91447077220252
-7.958179559537595 0.018859908636929715 0.3847507992738617
-7.899127793156829 0.026054736136480756 0.17949841005800926
-7.955443368859795 0.020397781433556302 0.7198307853286443
-7.959973950946914 0.02268035871193171 0.5615426197106013
-7.96199095660573 0.018400305320678587 0.7172926834377344
-7.874325627529276 0.020356227690748702 0.47107346411304196
-7.908561534733614 0.021462726175478224 0.559342419184311
-7.941556184359946 0.018930373244253472 0.6981821058890669
-7.9237690155087055 0.020286183551052325 0.5567848412176497
-7.925692174499462 0.01892344709488976 0.8469630541812365
-7.954900948610688 0.019236980987485167 0.6003101694641857
-7.904420948479342 0.022908003440730174 0.941427067058366
-7.9017036258727975 0.02281741220149778 0.6900848364834902
-7.947763019150465 0.025958451799754007 0.299269362376665
-7.919656333677308 0.023071256614040997 0.4088844557471719
-7.937220707553158 0.018862833339947066 0.6311540021011826
-7.933695487877897 0.021449049668075634 0.7756887937713188
-7.946292246423483 0.016543765810559843 0.5689827433147083
-7.912892590933829 0.019822951107039598 0.5114719497421283
-7.90319218662117 0.017723200953778395 0.6399383993940981
-7.942582794193413 0.018678903005952697 0.5170643145214149
-7.914093190687646 0.019881223928181566 0.4110570527137489
-7.951799634004462 0.016115600211281042 0.15611836439124838
-7.894692266165388 0.02384456668513882 0.23815085514993894
-7.885959623733734 0.01593355556738699 0.4395875435507529
-7.945552636399916 0.017921091170593744 0.6551817080400619
-7.907397680419843 0.01941439230170295 0.644533718689946
-7.964219654922632 0.0173674071933621 0.4793299899762531
-7.959044840908988 0.01605088190036264 0.3460461964729994
-7.9622830148930115 0.018033089005816134 0.622919884696838
-7.944633261115193 0.016763210256239926 0.2261185994252386
-7.919371601312388 0.021057883906548933 0.44176393989483653
-7.954393255200064 0.01658862396840533 0.5018653225761243
-7.9181507680369165 0.02209597673959461 0.21104315729239975
-7.937840354565182 0.019034382949181628 0.44035399754805293
-7.911483843299355 0.019112532926135673 0.766726223752159
-7.9028387346664655 0.023127754885208417 0.5431181277129347
-7.920152781310601 0.01766761626171279 0.578075438426189
-7.9128249789155864 0.019419295282768506 0.6275246939996297
-7.876200412834511 0.01993680486849394 0.4195886143045805
-7.954605340039724 0.01815096419905705 0.638764466332697
-7.925354778804101 0.01824577761635416 0.3643530179636192
-7.911304642256234 0.022533438883194947 0.48214342650809094
-7.940614826175389 0.014970105559728617 0.6809719340985825
-7.901069052222338 0.01824506424151436 0.5738813380162924
-7.931571003462759 0.021259012451755807 0.42311574493474047
-7.957273988267872 0.022632112448291063 0.8063611707440377
-7.9418839418375535 0.02052879667701821 0.5380325937026589
-7.882802743307599 0.02113015954907951 0.592200984549135
-7.944736548552849 0.019151252194349343 0.6674669301128593
-7.9195824189499575 0.018399689005792388 0.5549320287809985
-7.933377234557804 0.017490632941300124 0.44333823953581075
-7.890275356552998 0.018783750785021567 0.5597099249242119
-7.928102721761094 0.018718502829396164 0.524553907525976
-7.9149800290405015 0.01793169945026595 0.4221243835519677
-7.9004445532424015 0.01878423855449005 0.4895458461306085
-7.867273495027128 0.020385573245049863 0.5614426316140453
-7.896025088890123 0.023826413097142878 0.44257303310592744
-7.901373793083997 0.01763996679120807 0.6383000666205652
-7.924769171714097 0.020292881735759164 0.4318122756977937
-7.9457157872631505 0.018240541235198117 0.4874002092776162
-7.9010025736135185 0.021029318408110488 0.474763234635439
-7.914482362319568 0.018670524516217965 0.5974375636331901
-7.9482220550484985 0.022829044726895887 0.5663998780258614
-7.941388766448054 0.017907540882485726 0.6398391922702453
-7.957990364669472 0.023182983256709325 0.18847576612588068
-7.990265015576408 0.021180842709189126 0.053940045626479804
-7.904555285955244 0.01881731664932508 0.3556382212069634
-7.9541604688424545 0.019037191095447614 0.6709511962810408
-7.945562372634169 0.01930567970028188 0.6944438083031754
-7.917662266524751 0.02423970050062771 0.29501405766538025
-7.9288320863632356 0.02032319498582734 0.6631206920611332
-7.936646732701076 0.019823046035771938 0.37775620985338154
-7.908194024228651 0.017118308200059305 0.3321465095329019
-7.941889466324153 0.016381278673036424 0.695747645540205
-7.928132770170043 0.020119595689320906 0.6630271212531842
-7.900540199340376 0.018537501264891204 0.622982929410608
-7.91073661149313 0.018414615822148567 0.5398365646799648
-7.952644017139159 0.017205190556798054 0.3274746964926257
-7.930334360384126 0.01976869464252227 0.7100663759537003
-7.905727057553914 0.01905612219127662 0.5567208988087378
-7.93285095546866 0.02116929502433646 0.5634782506680378
-7.899395627752807 0.019289059904658862 0.6009830386208173
-7.896260847749831 0.019316070740648675 0.6862741321872838
-7.955385415207448 0.016334205363101473 0.5627309333841659
-7.9215224606524925 0.016846992456742035 0.6424957127564703
-7.897401706908065 0.02148845400900823 0.4067661185037107
-7.926594602341818 0.021081978225501282 0.8241158680568244
-7.930769510374041 0.01985736783612564 1.1065106526584776
-7.944712485754039 0.01860651140547224 0.5233923853743869
-7.939130275899776 0.019335123174139532 0.4061113367214414
-7.9475133265972415 0.016197710202738445 0.4060356193602813
-7.939402519981044 0.02103887186238552 0.3064502851766716
-7.940766900554246 0.019218426357889437 0.25093646037103035
-7.901364302916451 0.01871242197629123 0.3153168988410334
-7.93590363411989 0.016525568715785876 0.5588533580350095
-7.941065718331033 0.016561157005593803 0.3351085003672536
-7.92051836064967 0.020224291417274456 0.2549941572272081
-7.924319847621784 0.01810143811102764 0.7240271216321243
-7.934843683556027 0.02027280187176297 0.4694075595277074
-7.910234597764873 0.017786595230944332 0.5172263826147636
-7.9235530449979885 0.01866623220085647 0.6463263910061463
-7.936545268790479 0.018101970507209283 0.42570313089241074
-7.953800460097101 0.018870341437713687 0.39925627396346786
-7.935131887577274 0.018114568399249874 0.45103029309509657
-7.9367854230801145 0.019301416691217484 0.5819727929771585
-7.931246077562859 0.01871277055523278 0.7693022719018314
-7.919870076097135 0.020490599778606178 0.631655323727961
-7.9457345846140175 0.01577180468321378 0.5737545567411002
-7.930886674768292 0.01831209292900237 0.6156956222396923
-7.93572145963029 0.0185301186094169 0.848158971335693
-7.960075099743289 0.01913890001162677 0.6039753446167875
-7.929350505539512 0.020773002682098685 0.33405898577446136
-7.948820835409305 0.02014844164736721 0.4710561980662952
-7.939459880928863 0.01624130714397121 0.6720647339326247
-7.944986045117905 0.020026648742614176 0.3533505847130409
-7.920447067492453 0.017402490311104024 0.7712864341316137
-7.93345139628411 0.01809398830192163 0.8500434732088777
-7.91103083195553 0.019044672862745166 0.5882886265514324
-7.8628438661608016 0.020252172141806156 0.7383216647822535
-7.9363476441671015 0.023196976702346574 0.3537764211648574
-7.938772249312737 0.019667463771763555 0.40271004205854777
-7.977492525516947 0.01731308504637717 0.4818647499515575
-7.925192673078912 0.02452966638974269 0.4245491794011971
-7.934810351257984 0.020055526435219267 0.8377214846284142
-7.947252436842425 0.016905418393421565 0.5005735425946252
-7.92401773934638 0.018912749782228896 0.5401288838104417
-7.917715461075552 0.020282751830375933 0.8039087887412104
-7.949561225381738 0.017558017045692487 0.37643770491752715
-7.929290704119809 0.019145507964975588 0.6334558203116059
-7.921673833861192 0.018751794051017696 0.6525870506308109
-7.944473066757697 0.016300172614759634 0.4747799958515214
-7.884979064740983 0.017982590726465703 0.60424566832184
-7.899303849152057 0.019156694222900932 0.8315167748248944
-7.898195310712625 0.02028933003076662 0.4722254743689581
-7.947638815078443 0.019083934727770552 0.18276486129471692
-7.914089694788747 0.018232068579794942 0.3353672149391048
-7.911418984987397 0.016792504347482893 0.2666991667925549
-7.902801129810272 0.018576203316946115 0.5065061295092039
-7.934462246896561 0.01584867156424446 0.38178093121565027
-7.943647788325048 0.01908474145637274 0.717869308527892
-7.930339305901918 0.017631423587016772 0.39218018424559575
-7.929955786435686 0.020208454322310356 0.8420879035685374
-7.915600014680048 0.01932897810783789 0.5574441595297555
-7.938834684345048 0.0218810418867913 0.2680465585839965
-7.902037831592084 0.018409615986559647 0.5356618789378527
-7.935085896350792 0.018440245146886282 0.6785288703567045
-7.958003385576013 0.014232956223728796 0.3952947576190903
-7.914636263263894 0.02532801562115561 0.5384077604096451
-7.9452282031500046 0.01805465040929779 0.2336777048532126
-7.937006970553928 0.019345482453322734 0.6765277590852115
-7.919262788948076 0.01963261989311023 0.7919686334063294
-7.877984345715726 0.022214389677774324 0.23650726464419003
-7.9113596394344015 0.01932545768675695 0.4053692478019173
-7.932286770571705 0.020872028604648804 0.4458684877434742
-7.906834153621877 0.020349428876129966 0.5923684300433012
-7.941473319571573 0.019536204757506222 0.6008809614796251
-7.943861574764489 0.017889665105496846 0.5632785125300321
-7.933865641021988 0.020573085681935444 0.6818896567322024
-7.917027577089702 0.016495807870519505 0.4955619365467999
-7.908075511378415 0.019464590039125762 0.5966977283137682
-7.924779885696697 0.019069738684214025 0.6476784669815261
-7.937192623165151 0.019248431976951356 0.5862044132584301
-7.940245500425906 0.020317466999470228 0.35234830794636907
-7.939509677077842 0.01974976991255972 0.5248433479416785
-7.925498216694865 0.019103238016064585 0.5180515344117262
-7.899781204244967 0.02153580227266724 0.5500644311432159
-7.9388501901977335 0.017928138649102997 0.7548839681828654
-7.899526806844737 0.018088767071243895 0.526554351825671
-7.934282602012423 0.01837455031381686 0.48284016517217343
-7.9640004980250385 0.017664355797427155 0.7864408004507444
-7.928412747982354 0.019499126213010528 0.23881001403702073
-7.938750494134308 0.018058108165910552 0.5347719303900746
-7.9330816744203565 0.01811174827621752 0.6371140851194983
-7.939825729870102 0.02202125806095173 0.37374711764072
-7.926114215043977 0.023767910410945177 0.48615568159940725
-7.886028866070666 0.042729994052228625 0.24394992081165356
-7.9324663712089185 0.018381633871826123 0.7274266207386999
-7.931564312816412 0.02007230679903407 0.6024356362321246
-7.907164949454884 0.018174292530589532 0.6442953989347913
-7.906710063365297 0.026293275074175233 0.5679296820951776
-7.944760847816522 0.015100170681391441 0.5724481937769368
-7.93543157209316 0.018728107092792323 0.7869977377925308
-7.922804195326104 0.02117536797739965 0.6741598940081761
-7.950271951198807 0.0194424023318869 0.4986252215622925
-7.946056898550374 0.02243794035226847 0.579876713262784
-7.9289095310425655 0.019230756170757358 0.6279699331337631
-7.923241893146522 0.020940973266545853 0.6277690505230828
-7.929779081146868 0.01960662515814498 0.5201799908617686
-7.89282120163338 0.0195496296656783 0.6141851980596311
-7.933341959042359 0.01983441448902084 0.4790478119525394
-7.904211778353477 0.020590526654464807 0.4179585241833128
-7.937707487370814 0.018282868856127735 0.5275081598228739
-7.9395356515353095 0.020932530981923592 0.7369634085169026
-7.925952550411453 0.01728214516315199 0.1649348451919156
-7.934901297823131 0.01804084412442414 0.5575501639257519
-7.925775088070321 0.02134670833193734 0.5747290123637889
-7.912761064823793 0.019148089830484546 0.6216796979599739
-7.941444834921897 0.020934121690048532 0.621457084021229
-7.939856108807384 0.021716849597989554 0.49668760878466756
-7.935220297593838 0.022295844776040723 0.7772967941135132
-7.889730853726182 0.020981743685947095 0.5009424581748405
-7.943058750391663 0.02140450572789328 0.1902322709415597
-7.901419526349207 0.017581675487047647 0.4330035548417639
-7.904977647329437 0.01919648074636262 0.839943363419495
-7.932001241416825 0.01879466357825462 0.5261542560365178
-7.908563075428044 0.017225228319925755 0.47419980883463364
-7.915579585776211 0.022237334681489487 0.45178840606372916
-7.945832178621198 0.017156223490353575 0.37295964133302906
-7.9543034522957345 0.016479028466879774 0.547100686980045
-7.91525309011392 0.019154575209334203 0.6814410311935748
-7.954438208658967 0.01603710180974469 0.5711801285858009
-7.931572136397487 0.018348634239509286 0.5197345704240894
-7.939407263650188 0.021559922384962838 0.4560216842455821
-7.919555791473641 0.022333988982139435 0.4380223105555342
-7.930045111429925 0.018981445872171054 0.4063648645975856
-7.943630485960769 0.019241644644575246 0.5767521326623499
-7.920663195851235 0.02283815332668033 0.5513920384669462
-7.910301841334041 0.01812738444469268 0.3746107299124356
-7.928905361313073 0.0170410047503735 0.5835611440800037
-7.925126675213192 0.01958260925984356 0.3732313669302172
-7.960821667440392 0.020238670596939578 0.36608220018535265
-7.925898888555877 0.018672150274095634 0.743292459977178
-7.93885441222839 0.017862280515207322 0.7486294340285093
-7.9202670255447885 0.024948312622902626 0.7143011969788993
-7.873460953021172 0.02088727339388321 0.748915215656472
-7.939885432520943 0.019724241002516588 0.3824686300220199
-7.924833383460205 0.018659386045235874 0.8072722689366958
-7.903124301244391 0.02253020288920848 0.6159975133738496
-7.9249878073377555 0.020165983899320516 0.6927153363338563
-7.914254080155974 0.020314174340769268 0.34623034224043336
-7.915193963954213 0.02094544320867858 0.30148284580596196
-7.950804047945964 0.017569194570354777 0.3498108852382036
-7.927964076677313 0.019403041229579858 0.48688538401555403
-7.947622893542405 0.01522632233930357 0.6437308177678558
-7.954765528536344 0.019674753264184518 0.6024086945918783
-7.915794409593054 0.018238127445213866 0.5195645888668499
-7.9610076754937245 0.016975338124418798 0.517105635834711
-7.944070757364584 0.01613874439395158 0.513979430775898
-7.9212331066756265 0.018434392314846518 0.532359080751637
-7.938547475585248 0.015745502273457744 0.43543806865952983
-7.9127954405580825 0.01799426973980251 0.4246321321338379
-7.939561158656134 0.018652885877334706 0.6698960730905503
-7.898962187069358 0.02338586155796254 0.653802742526578
-7.930321535315937 0.01706987133172718 0.7937668489823839
-7.915796686379856 0.017703194224756913 0.5611731218335596
-7.91344194753913 0.016865136524195634 0.4711672010494422
-7.937697715612658 0.015224663711747091 0.29254593227951975
-7.925011990525829 0.016803781181102016 0.677813069426354
-7.920387104403486 0.016168878538364576 0.5963142214199761
-7.8900493427883704 0.024103730095327694 0.3999841658310841
-7.935775776194787 0.019722538280708416 0.43543396723002836
-7.92413202818128 0.02194467072111848 0.4299232382640006
-7.890596288417136 0.0202601108150388 0.6381150375504125
-7.947735808345734 0.019381851642736043 0.38743540375464613
-7.920434050784327 0.020555819367804953 0.6028279208236158
-7.930573788881421 0.018725754960900617 0.4503282241812777
-7.933265508364814 0.02101197281487931 0.7870689499571406
-7.953505499658701 0.018511680814646155 0.440130550453266
-7.928976698649995 0.014898950382933757 0.48630836137677125
-7.930596044633219 0.01860572087027747 0.42669697357291314
-7.938383918732231 0.019811453590485324 0.7099585112536844
-7.90386954657712 0.023491265142740816 0.40446398907341485
-7.91200059571664 0.018437055845951913 0.5581256396681564
-7.8945749433584576 0.02044863478621849 0.4804505821902494
-7.932668690566224 0.019545701017343427 0.3703878958182196
-7.923505947156769 0.018753149628203996 0.6523732276466889
-7.91679417772283 0.019256430615690826 0.5521705834377162
-7.934429233828498 0.019906463888470387 0.48440744937861047
-7.88101708296453 0.020724853696653986 0.4406351766801323
-7.932851328081647 0.019289892940654634 0.4354816578461125
-7.939311576117251 0.020289111798807664 0.5193410808304335
-7.953349156324917 0.01735143366589809 0.597517887249476
-7.941236118937648 0.019806323247875797 0.6035464575019205
-7.962445919325119 0.01751202101981957 0.4050098870942994
-7.9617225484658265 0.020054994966849635 0.3990843157012164
-7.948290950218408 0.020300594625986997 0.9288185551656627
-7.931211650929712 0.01642510587672017 0.7692532048494223
-7.94174705798298 0.01970473180489944 0.7248421355313601
-7.916561370679569 0.018322723158401243 0.34584844284285454
-7.90856287222432 0.017793476012681924 0.5011409169803063
-7.916429131730139 0.017421873647424355 0.4650209390086355
-7.912971362953665 0.01902579420020837 0.571667450420416
-7.955919248479419 0.01834500340832781 0.5908361837653366
-7.936259789268314 0.02383614049473311 0.2799632141610132
-7.92179853723485 0.019715523374981166 0.5056175841210988
-7.945647431893905 0.016597609928470813 0.5358216336294608
-7.896744677550064 0.02214578320943268 0.7110388623094239
-7.933217227870884 0.017410315559091172 0.3257785089630493
-7.931501341568685 0.021145005496893132 0.3594980854233961
-7.898367859965611 0.02314995653778623 0.6506201550004864
-7.941975087091886 0.02038213714858691 0.5303149593928667
-7.91468237035488 0.01758302783778504 0.382804582267148
-7.950572240568717 0.020310016537858924 0.5147338918849464
-7.947097643894009 0.016810194033112298 0.5465462938167922
-7.948556649618601 0.018726145112483862 0.6097158760036443
-7.964065707110311 0.018437692168378213 0.4716794686933983
-7.907008914011414 0.023089866069694494 0.4356317831440465
-7.9475642076884645 0.019166145685454005 0.3889484541881426
-7.920194148413897 0.02275948861670486 0.41426797986848485
-7.945510824772647 0.020473762163323923 0.5994375970582468
-7.9192013248530495 0.020857701782029246 0.5276061321758032
-7.91411089846746 0.015853047106700727 0.5268020082027334
-7.923263800888867 0.02253173580228022 0.3844072803464781
-7.923189565922302 0.01810540005488404 0.6303747049910342
-7.938722122570618 0.019863783857618545 0.6269358364352022
-7.924136093123473 0.018405978556060205 0.5836518114281564
-7.893668792249121 0.02156193362615051 0.5715909226889084
-7.93798247259711 0.01858044916664083 0.6481370241585205
-7.952920345685579 0.019658089344821696 0.361311107769572
-7.9337656708078725 0.017146562493334815 0.2734295943633477
-7.9528013905039225 0.01915248200261624 -0.23688305876201549
-7.868445277425276 0.02325590612088169 0.7706907514575869
-7.9436006687753515 0.016407891341073354 0.4828435086501417
-7.902484195786497 0.023106523403298374 0.5472193518009916
-7.946451923553048 0.020059074783392434 0.41754308294015097
-7.901568916127835 0.02167050372194816 0.719754921013757
-7.922713590795658 0.017110464989042142 0.6137444515769046
-7.908545064378781 0.01989471664762142 0.3304982650251803
-7.905223914782827 0.01790713506809847 0.6182154069665609
-7.914484089540861 0.017722634881328983 0.288457857300778
-7.935690763831693 0.01830537861488165 0.3890689949225772
-7.924510958887553 0.02055332671967304 0.7908941350017664
-7.925373941626166 0.022837016873353946 0.8273026537741024
-7.938841601808608 0.01778368472164867 0.45970733217406046
-7.93368634954543 0.0182070557507813 0.5466162254109175
-7.927399360053866 0.024114862049137046 0.6257145466244824
-7.897844759629296 0.0213334597039733 0.725145049232236
-7.8935288981470535 0.018104280038788133 0.682104550972453
-7.924513236508296 0.020852775696444996 0.6001351843393985
-7.929283441041003 0.016295940243289703 0.5523426605423132
-7.892088496803358 0.017688596293185796 0.6807261047304043
-7.96920035554407 0.021839392853556232 0.6786411938873285
