# 4 10000 1000
8.985007231147524 0.08644975459282385 0.7150818523983524
7.955078558008234 0.08709022298208927 0.7181053975260461
6.660264459461684 0.08746801190357986 0.8304941636390244
5.697164978461845 0.08956680897167454 1.0198801832916344
4.637608501577428 0.08384303860878257 0.9319076686582268
3.738697861922625 0.07442129117319418 0.7197126256132707
2.8302161402668307 0.07645230476103279 0.7129856157489807
2.0487719351099756 0.07881754720268654 0.924204019078442
1.3335586674792295 0.06669721363681114 0.8556862805167926
0.7028343631636296 0.06357385777468871 1.0085465059363938
0.17006358669293403 0.06419268755725135 0.9160154503659683
-0.19709481082007718 0.06442664836470481 1.1279509216719885
-0.7029759276043291 0.05758999610670135 0.9004966243764503
-1.1321601962950345 0.05392221907572592 0.6828382219391218
-1.4513600857646465 0.05145742799123269 1.221085841031021
-1.588651911322101 0.05064218828839928 1.358426118770161
-1.7336784215338092 0.04546615030839276 1.2686389617062415
-1.8815647257290333 0.04622078483519607 1.585983076624081
-2.113685660071816 0.04666191766995489 1.734076863163387
-2.119096405672093 0.05814610654447276 2.9255183045441684
-2.242007062359981 0.04880526154937323 2.1671748623017786
-2.3931027617848817 0.05147221168506982 3.891551077962114
-2.411366815078376 0.05263531489436029 3.211710611810414
-2.6026666463314583 0.049691844379171415 3.8023819635294345
-2.657584014502049 0.05091971907783259 3.896014270216015
-2.6981420205037447 0.03888228910036913 2.729901138650934
-2.861688273598548 0.04378805021862483 4.056285412730331
-2.7861332435415855 0.04800059469907902 2.6070139846444182
-2.9212811819167896 0.04278205011471606 1.4554907258150467
-2.967177571000641 0.04743187438099252 5.505565993982787
-2.9683720419573727 0.04067096992126299 3.7251201035477655
-3.115274515994352 0.0401546371831041 3.566851575702559
-3.1422875651138984 0.03719997793451236 3.533629486195238
-3.1422401009473706 0.03665653600522944 3.6789560858522936
-3.209654756269186 0.03800688689356138 2.6062097909184114
-3.2855137444305473 0.03580085397139264 4.329392368420818
-3.2419817303597225 0.0329695262751272 3.378609010221815
-3.336168371215999 0.02883418460030751 2.8367790886606996
-3.376716286956583 0.030921712116414243 2.568700057721828
-3.4100057939897237 0.030480032840409527 2.162948892717547
-3.516209886653455 0.02640555021575761 2.989403763647586
-3.4670308840631656 0.025177545161042172 2.143714265974642
-3.545791259110947 0.025135241089835926 1.401256261997944
-3.553293441098867 0.024188773919038148 1.8632003707155524
-3.6020241602305956 0.02240493489182604 2.0257212606209647
-3.610615737425565 0.021917762967387257 1.7605291641255931
-3.6878090486964243 0.021712282153248035 1.7332461708970244
-3.6459434772856296 0.017073318282126236 1.4541289738898961
-3.6995569607444945 0.0175400391164597 1.205087595819963
-3.7266726632800893 0.015792513373224452 1.7117938216873454
-3.6860082215956758 0.014880437996413545 1.2438611027973299
-3.738828626118838 0.015894539031937313 0.8816207841997663
-3.7250327543570605 0.016523667871123075 0.9865126251445082
-3.739391574119791 0.01397275383123077 0.9728193266350904
-3.7595557285266334 0.012800317944099427 1.3367544319339855
-3.748332000369111 0.016125346021870334 0.4258816579996988
-3.7726678297722334 0.014055941673089973 1.366760650865806
-3.769875641185466 0.01279862654959701 0.4607804581018301
-3.7720750851738334 0.015863432586100623 0.43917443769388753
-3.788334936531936 0.010849261531709627 0.6197462383982102
-3.7660466221196534 0.010779892278987888 1.250353988784946
-3.785055855653209 0.010499730657119063 0.6982300140604465
-3.7874139651103436 0.010366160937720113 0.49964766407559236
-3.7950957983129574 0.008415265758882719 0.5087466862291554
-3.799098534730598 0.010344506010156938 0.5017106404124181
-3.806088414538866 0.009848125231625498 0.8456407871161515
-3.7817767122230044 0.00970260723947256 0.3302434738037049
-3.825515605015382 0.01144400620853478 0.6199694769502049
-3.801243420350682 0.01270812239073043 0.18133792590445252
-3.8219802799976565 0.009234709778221557 0.5252229421350834
-3.8209017924948148 0.009064382271616333 0.48621000010599846
-3.8390318230899787 0.008191476062043316 0.24610379447269026
-3.84531280680628 0.009440032411428817 0.04483128583183238
-3.8438365205500262 0.009582029477807896 0.31294022193844884
-3.8694954894267437 0.009333236407591757 0.35487884383078416
-3.841598237167819 0.011371484649172066 -0.01902012632439709
-3.856478662586742 0.00851957358526882 0.4379049891795975
-3.855869802956513 0.009406995727066323 0.2825938359521333
-3.85988575964516 0.009292409017801087 0.4302017679174509
-3.8760080213818817 0.008795272875198407 0.37904645801296655
-3.8681838106329134 0.007522731433383405 -0.01600019463581287
-3.880198038603861 0.009099353476881714 0.5298862881078346
-3.8883540024108125 0.010012656734371052 0.48664554886142164
-3.887830363254349 0.008180995557547564 0.20526114607004553
-3.8952724597214163 0.006922201883184893 0.16886896417219432
-3.891566145097503 0.007323159257150904 0.276101486171044
-3.898869197021477 0.007919901522936288 0.18101471399780755
-3.8999689770099586 0.009980922667618203 0.6305964628881542
-3.900978953809097 0.008224311107366123 0.4237503548626068
-3.9061669168920847 0.007529109455439982 0.05276588528872406
-3.898676724752041 0.01057768553501629 0.49864842637603124
-3.9104276108765323 0.0083981523479804 0.507248412203382
-3.9042414768709106 0.007059672497255912 0.10962318098387047
-3.9177867114064338 0.006311679477703018 0.10572709147172521
-3.9210150639038965 0.00845426038536882 0.09222529435812121
-3.9227955206530587 0.009892952351251637 0.5355752633756403
-3.9291781780898902 0.006527824001151734 0.2834362816956434
-3.921156888335132 0.006943467185569615 -0.015481583327909831
-3.941369040704292 0.006473550050642425 0.025878357002257046
-3.930076287261582 0.006992731316555507 0.39873124613365674
-3.9264778892366974 0.0064680520886314635 -0.21173046851682736
-3.928646243975357 0.0064755267204020155 0.31641794925027666
-3.9352595424722505 0.008573552713605635 0.07327594442859098
-3.9170264529295378 0.007264684924109999 -0.1397858982679831
-3.943571089230515 0.007728716420211783 0.36814466787676314
-3.933520880459737 0.008226927167804316 0.2336153218962097
-3.937190378302058 0.0066992170974757926 0.2383075792339352
-3.938054550394833 0.007163167522008383 -0.23223027781088929
-3.9282273326025288 0.015712660272149778 0.6008503415251503
-3.964665260149274 0.008373185465371254 0.3362962968689134
-3.9618855453352357 0.0077164765253280795 0.4511768371978778
-3.953041238723787 0.006777717605151499 0.1215271422429649
-3.957225669519182 0.006699978369189826 0.3672874628393672
-3.9545363764037993 0.006798218303809831 0.32217802044597976
-3.94838798545642 0.006473718050250191 -0.2659585315906607
-3.9661783553962415 0.007706935957737218 0.30901137083456653
-3.9667023045661725 0.007619525816793325 0.3567751174353898
-3.949320377835239 0.00805815904724059 0.45990058163469183
-3.963194750405799 0.007228168227575888 0.25665731797538405
-3.9601987739936786 0.007909530919982921 0.41183231066870096
-3.9602480369461346 0.008706567152142667 0.5257134015205256
-3.9746071055680057 0.007548478419961119 0.48061777598834654
-3.956427074154093 0.0056996431286569045 0.13833160448101445
-3.9624274146150196 0.006906915835995011 0.2507192822848653
-3.95876401775969 0.008159999779464886 0.3462992134716635
-3.9668839778021256 0.006948753007611303 0.20740633324001367
-3.973079775298612 0.007210065877836363 0.19949605108757595
-3.9685330111902775 0.00670603956828854 0.1911889806853091
-3.9715619301793867 0.006334385923562848 0.21703273763381747
-3.974476758148958 0.00660235818021162 0.20587836203108023
-3.9731097396126898 0.007941676711919426 0.060617402244424134
-3.977502301017631 0.00975548856041886 0.38319580380272966
-3.9678952352633474 0.00773648227867985 0.2622076390306618
-3.979549382093672 0.006943407454120448 0.08525291031131843
-3.9733035244245323 0.00801209029056162 0.12408487621463415
-3.978227389468589 0.007427460266890818 0.19260005191117813
-3.9811794452304787 0.007658782217903261 0.05040575961118421
-3.9723445641146227 0.00748448206837554 0.26168053974425753
-3.9817513113625225 0.01046270493579286 0.6831155221894998
-3.9948770444629615 0.008887571131816447 0.47249745177637215
-3.9883382370149887 0.008749964705785566 0.42561905655175436
-3.983326638506402 0.008167798386029705 0.2793874818783344
-3.9721453731980607 0.008699070847092809 0.3484606886237267
-3.9939494660361796 0.00849115073574552 0.39685555370172987
-3.9871456574997786 0.008237422232928844 0.17323272006635626
-3.975958354857738 0.00867211549262254 0.5078054934013945
-3.9971511048503348 0.007871858208081065 0.3541205467598906
-3.9776410239953317 0.008516716531640678 0.2833164225913478
-3.983120576642627 0.006903863169482691 0.04401849285197279
-3.991981543809918 0.00856165045914327 0.28003801526696503
-3.995718752167843 0.007663219053522444 0.2410466368920201
-4.0121223763695975 0.01151717530713748 0.2826696143737313
-3.999190713237218 0.008379543054138123 0.40661386284735523
-4.008451065973996 0.012348818201565234 0.7228306388198007
-4.002496161735032 0.008952409357755268 0.4243762581611549
-4.015041726117314 0.008695753480088263 0.23595543147752485
-4.012733998632148 0.00941174486066629 0.47149722047744214
-4.025815248028046 0.009671364128807635 0.6671119947636244
-4.018532205570072 0.009792634784341576 0.32662609614376703
-4.012083230177451 0.009353611873597484 0.2703370041269869
-4.0196459260593365 0.00898663489411232 0.35338373703322534
-4.018015384685469 0.009791471920224405 0.7611637716037642
-4.031886941292234 0.010439896194270335 0.5187216151094642
-4.010767966799276 0.010538923066275862 0.5628505217000961
-4.027961449525351 0.009414287784667527 0.6153874923636093
-4.029930071565611 0.010114179796390883 0.6807259866773705
-4.058383403592397 0.012912373534128722 1.1772199038440703
-4.035198011840534 0.009701251164080117 0.38527262501643844
-4.0529087929443 0.011850439237505199 1.1823446811633391
-4.052870537696603 0.009768944417975574 0.6542909650580113
-4.043652981573176 0.011455663600412893 0.8984498826418339
-4.04175184748624 0.00848758365145565 0.32339872929616287
-4.03465921730873 0.008480406554698412 0.3505721877487301
-4.0392718410461095 0.008647178528195687 0.3879019812822283
-4.048789252233495 0.009740022922609868 0.5440854728818685
-4.039501947130935 0.009523624278591767 0.4917680376452249
-4.053287480867874 0.01058436746300479 0.8400207875062433
-4.0452849596329985 0.009483081622099097 0.8118528030141419
-4.0753858986597775 0.011394256075873053 0.7582336639835938
-4.062029913787901 0.011545764541253622 1.3056858449480955
-4.078444380278286 0.011436426050301327 0.924652670449509
-4.0674576974979155 0.009964588515932718 0.8144046756988126
-4.06441169703078 0.009428696720521216 0.6976216089083629
-4.071465165938143 0.00969102162988728 0.9469927168161221
-4.063890358107802 0.010248594266889406 0.7796614853211612
-4.0853793663903435 0.010624609623014845 0.8975134990623945
-4.082844534450591 0.010638670692923458 0.9950076200060392
-4.055759318901379 0.009674667148000908 1.0563583619097547
-4.0872385423476185 0.010615821364906046 0.9293068001370786
-4.0818260444889605 0.009556569387010489 0.8943826533376831
-4.070044140851806 0.00989014067417768 0.6428867094161184
-4.093772501063942 0.010534080321008304 0.932185043012655
-4.10545077776531 0.012007268464017864 1.3798948274711444
-4.09067668178058 0.008766775303346797 0.4756019296104319
-4.084937495027176 0.010726677298357317 1.4408044669734128
-4.0944323552293485 0.01016313833557262 1.1140469353242795
-4.095911543178051 0.010805507918637549 0.9062642053948309
-4.103223246987481 0.010781802780046578 0.9736907706062228
-4.104244720493637 0.00979360378185723 1.3083498635520614
-4.096121527726637 0.009421048575613553 0.7425215595394066
-4.1391745571180945 0.011080833999570168 1.064197482680807
-4.1015467346666385 0.01011895582001743 0.7562347882473865
-4.085323913887865 0.008787899898659683 0.42900249185262307
-4.105809391308539 0.010115170380985276 1.4767431392495634
-4.110043853307323 0.009655382097374439 0.7844736993975068
-4.11162234676872 0.01030630006343838 1.1581817576160554
-4.130961119421216 0.010997248691347673 1.2523686420166262
-4.108084633791014 0.00972144260165586 1.3215402361677695
-4.116580403622947 0.00843351438330186 1.0276264874208316
-4.1386402327435325 0.010993492729847973 2.021414430333815
-4.129013016656959 0.010567806314265937 1.1710512123477634
-4.099519504609432 0.008630139080809982 0.38479462528726005
-4.105487669391688 0.010141599956883988 1.0544760001488072
-4.122419001786997 0.00957133615458057 0.8963572393530495
-4.125787992233961 0.009053234439594576 0.9474471924184247
-4.121407431581148 0.01056717294565675 1.5616542612263813
-4.121785155422433 0.009609070281509032 1.364011714750498
-4.122866949864225 0.010280749836110369 0.8756236040145775
-4.124478691227951 0.008795911028181974 1.1265897674194274
-4.116689424584521 0.008408141259292536 1.0082136114246003
-4.13962049185349 0.009114897134161255 1.0437249255080328
-4.134330246468508 0.010479025099629636 1.3700804123737798
-4.135761632999162 0.009305002550799073 1.2505426261513812
-4.125818534150579 0.008283472556364357 1.3623213249545318
-4.122317013751812 0.010622097375456743 1.0676744758988899
-4.139680185326758 0.011698750288203505 1.157249493056442
-4.14794334423776 0.010655540892042962 1.5582581395569601
-4.12339703329194 0.00877781120561799 0.816999264157231
-4.14111507663376 0.00887745121322118 0.6466291381867442
-4.1362908321418965 0.009284490006435808 1.017234065114808
-4.137285717195489 0.009112705628909843 0.8588719774933
-4.143224057991032 0.009756027769403038 1.2501348830951817
-4.142632080796169 0.009446379546454841 0.9207346803146939
-4.144452817271006 0.009662966131188989 1.1459058746207336
-4.145023624606473 0.008866423241771677 0.6782052372292549
-4.1420756141527395 0.009332486814081591 1.0637926862284453
-4.1427878753839975 0.008012771121457516 0.8892890948716243
-4.151587991875051 0.008889939574177526 1.6480171857111658
-4.1593255211970295 0.008776127292827169 0.791582568481273
-4.151235306239405 0.00970990332453116 1.1880346059940432
-4.151488597941798 0.008691774106833245 0.8460398046596873
-4.151640463334942 0.008310377262423455 1.0394297105502257
-4.13691465471108 0.00849810832326276 0.8146194420428998
-4.145442882478237 0.008008088837981134 1.0656882905068708
-4.174015474128515 0.010095316772096598 0.9429193796391007
-4.149582116677082 0.008855941212165113 1.0137320486961254
-4.166160708000156 0.008196372006432213 0.9988415063349132
-4.146236525318188 0.008880814399017356 0.6152804360851092
-4.157570749560822 0.008402649403147663 1.6648397398713786
-4.1553264707883235 0.008172360792033885 1.6178557746062308
-4.150697709154768 0.00890396836093704 1.2740843429047148
-4.1626550419608215 0.008343678648341209 1.3752671823116789
-4.147685563580411 0.008103537335644097 0.6708169837085893
-4.166598196154478 0.00931348832900827 1.6795869596172546
-4.151586268056364 0.008175457242725486 0.8970429658105825
-4.159518761294037 0.009039678463263662 2.0890588745834164
-4.16272292549911 0.009485805330943361 1.9236599751634276
-4.169935206934037 0.008123378311623072 1.500385502352363
-4.1673150044426865 0.009178929281521248 1.0689216598821019
-4.170258653845873 0.008223419158659937 1.4197874976324278
-4.143726604641482 0.007525253191893206 0.9100569557491778
-4.1566328626454405 0.008723761754399028 1.3659940796982692
-4.155146604273009 0.00955081957302567 0.3974248767067048
-4.162128472906592 0.00798706418908504 1.4514327311707529
-4.159941042309525 0.00870613906715598 1.2243557366071056
-4.167256096441299 0.00828874613570974 1.379549201901953
-4.16931862794682 0.007817495795480413 0.7275329645941138
-4.165740755512936 0.008606107004634789 0.9305601186552819
-4.155318456559607 0.007924648300903513 0.6605449968978476
-4.177913288426869 0.008941566505839466 1.4359207329557182
-4.144862589709488 0.007263161681097785 0.8543636082195019
-4.166976985972004 0.0074552240097553665 0.49088529236523104
-4.16461699555816 0.007892746902359882 0.882280033844165
-4.172883507398145 0.007592726522833233 0.5069079477545104
-4.167622722745886 0.007432181212953116 1.3008141359901342
-4.1627041347807445 0.007763474779000223 0.6266365431050596
-4.167281650328987 0.007582886986931672 0.5964616371563531
-4.186353205160287 0.008003475152945878 1.4920718183243404
-4.152787136343692 0.009143449629634749 0.4617688196348536
-4.180424722464997 0.007738298612696197 1.4789837435499544
-4.177259310311264 0.00767337675791898 1.182298019943499
-4.173123163783861 0.008438002840038301 1.6421512096118747
-4.168438332958075 0.0088335432310963 1.6142963711832379
-4.176431083433396 0.008206299948179873 0.9483839279301416
-4.175845212075612 0.008376427642356566 1.1167991351460334
-4.168405856942875 0.008324132026938847 0.4947663802850566
-4.174066662713807 0.00721252015506951 0.9860908688860599
-4.162498338937922 0.00669651397671189 0.4386398535166849
-4.191141705354445 0.008398951084429425 1.5201973527229296
-4.175265201237094 0.006975625288063828 0.986115576089241
-4.173327929705863 0.00938327116153831 0.9037640462204937
-4.173099237546657 0.0085998782931666 0.397207404094442
-4.1722450929092325 0.007547423070214963 0.9349445439853574
-4.168142039634356 0.007609046188570714 0.8556906483157665
-4.175138558213668 0.006906736116809948 0.5345864335989672
-4.1857335065228245 0.008021929762796892 0.8961984642475214
-4.170943569703158 0.009075378527274452 1.0043444208855061
-4.1794721434056825 0.009289418189406658 0.8235517839349644
-4.177323962329045 0.009072977697228165 1.1505112398946853
-4.1690615004875395 0.009065195378342111 0.5189873183366864
-4.18124809599356 0.009276473859925007 0.7545849491752934
-4.172239697887862 0.0076604019138914944 0.30770715419136896
-4.185054400987766 0.007200947995171567 0.3624263287114098
-4.173209763513194 0.0072057032647498695 0.572634038166224
-4.174791099718637 0.006331966341935611 0.972715463729446
-4.174423883637982 0.0076835971803463285 0.9063645444000863
-4.175406533354675 0.009341043767416603 0.589227925071006
-4.178804492214563 0.007095219026419601 0.6048865744994301
-4.187973411347979 0.00646732179767149 0.27958214336506504
-4.173301028189647 0.007627815507556281 0.8604642302852092
-4.175031570089548 0.006981434527757042 0.20655460363404443
-4.187905046264516 0.008839063728625599 0.8180683342986714
-4.192359214876932 0.006367147920234876 0.8596796282023504
-4.177831120135386 0.008000560955742588 0.9110435073034444
-4.174428790877022 0.0074181777891160865 0.42664694674562753
-4.192308028205653 0.006319973453395854 0.5951631217200086
-4.179933649382681 0.006808259876817077 0.292423459176794
-4.183125763889554 0.00552203566182816 0.40233593848153537
-4.1841087092646765 0.006703538717345646 0.5857046874203073
-4.179686260230474 0.006239200506035637 0.3924239627662218
-4.18687204393481 0.007093124880113716 0.6455369457774489
-4.1772056515919065 0.009676927537396093 0.6445790558294138
-4.184072820247959 0.006719320888685398 0.4767063134884898
-4.180557128342753 0.007303466818184867 0.36176404152129527
-4.189119137575639 0.0052442035881131565 0.571653098846244
-4.187882960579822 0.0068833992852395005 0.7245410394259
-4.159429718265995 0.009302136083722323 0.4089035018987608
-4.1694092082688305 0.00846502716050292 0.42223194296297073
-4.172430535454948 0.00650294369403462 0.5059948941689041
-4.180477864200882 0.00785112456942912 0.1768056068778313
-4.175915835288648 0.005998486181977062 0.07524876796338409
-4.188839806513666 0.005208559792893531 0.41438151981474525
-4.188168686636817 0.005145952112494963 0.21844858808766143
-4.175887016060049 0.006737991338623735 0.2993157172883034
-4.186175902316651 0.00647830934724219 0.45713762525635204
-4.1742042988592445 0.00839028701195436 0.7301764343144437
-4.187861116344176 0.006763386186575953 0.2933638092685369
-4.183029633630221 0.00776584466490229 0.5215070313340906
-4.183627595958197 0.007079217918777187 0.4901266843292902
-4.175499273121462 0.007664305705857745 0.5917481936707132
-4.191068973801136 0.00484696364432057 0.20696404220989773
-4.183743645801997 0.006239951420339764 0.4380734040176012
-4.1841562935804575 0.006479879107428975 0.4339259989827735
-4.187364577551374 0.005959234924205843 0.7516373064590807
-4.171013597256962 0.007049608039154217 0.2850726907897245
-4.183699865119306 0.006750698999266553 0.2217086603900279
-4.1959468534509154 0.005524260877618657 0.44187325022461266
-4.19938525319372 0.005793662895184199 0.4396131010002271
-4.179030990606721 0.008297795521723139 0.49562995534707577
-4.1650383928277455 0.007583262052945455 0.2021990908564898
-4.167548060023769 0.008154212074293262 0.4820033392162424
-4.188313988213195 0.0071639644424443885 0.38359538495421
-4.1949086304628205 0.006129261808950971 0.5671819927463475
-4.181102176423961 0.004887383348886091 0.23862888213654643
-4.191574887686517 0.005579123625069759 0.7032353652232859
-4.192280498184531 0.005497555499299228 0.49243264146768484
-4.183025951098453 0.00618177551945198 0.28406376131433997
-4.177064219731176 0.0066218694413876225 0.2332423796890345
-4.182296540203794 0.00556860957833725 0.17776692367515468
-4.189407019161514 0.005477019481900134 0.2226130739129779
-4.18555902407597 0.006111601909415327 0.45585896887532174
-4.178611199839152 0.006929426102432066 0.6683447923956742
-4.177080167219361 0.006415287145021968 0.21318539841682915
-4.191783360256007 0.007075949361085001 0.74829521744517
-4.18549954518938 0.006528154825675389 0.5677761989446501
-4.171593319671923 0.0064070804373818095 0.2570929611159737
-4.178777359668382 0.007637344171084628 0.6316883431123943
-4.197156388201937 0.006192379123665948 0.5542395313797501
-4.183966990661746 0.006230331650477138 0.6013642416070009
-4.1782497521917366 0.005675909630159167 0.2983001125198791
-4.1963880169633 0.005080157194576235 0.5381344951051568
-4.186456187504641 0.006426031701865298 0.3194517350676406
-4.193364176768208 0.005879592560499829 0.45380938465294596
-4.184268835887062 0.00579062005238981 0.3284616719388439
-4.18928274469893 0.007262431988114546 0.5877471138282859
-4.190411479460813 0.005845984461841687 0.4072208213272287
-4.188184078390529 0.0063950381512919725 0.27181362982631696
-4.191471121797087 0.005616523787700706 0.23592857211351337
-4.19735072686927 0.005216012153350042 0.47713576560039317
-4.190267095829037 0.005698350080151969 0.3178173423068923
-4.182482558108635 0.006667780924474106 0.33273255551473946
-4.1929368063298975 0.0059463762299046905 0.4672682977475623
-4.183254678811533 0.00592979754991175 0.1915071470193408
-4.190966525550004 0.006330147781964558 0.33764639776683947
-4.178337415764114 0.006604400808396799 0.7273271929454885
-4.187173586551066 0.005762510296840046 0.21433506728233787
-4.1825523036861885 0.007576263377979859 0.5973068868099394
-4.186098931797799 0.005858427653051455 0.15903379889998104
-4.186251982701013 0.005190290219130783 0.065695725991335
-4.182559904014459 0.005542848909840238 0.063692674369636
-4.180725482944736 0.0068744109753049775 0.41584320163557276
-4.173988523199304 0.008748665225733138 0.4209698438842081
-4.1947002822466954 0.005905251245381991 0.7424633918923262
-4.1929374970285 0.005763809890789754 0.3628062865885423
-4.188050119184424 0.00535821843364358 0.18668212463911082
-4.184798369126131 0.005515879532709843 0.003950795897342263
-4.197384504032749 0.004297792881831537 1.2491851010181698
-4.185758738104643 0.006730043036581849 0.5903928293065064
-4.192481692556879 0.005673131739153344 0.3940897264886689
-4.1798021324427825 0.006313188630121317 0.11298065807204327
-4.187768375618158 0.005897403242337559 0.34561337083821153
-4.188700013866145 0.006545951835975788 0.3504087272775974
-4.182210268664742 0.00650928712293159 0.18699048071834246
-4.192898767469228 0.0050409512315117795 0.24734771033967629
-4.194019889579376 0.004902792915616766 0.5148321735123378
-4.187881733483132 0.007034631554246626 0.69625881713351
-4.183867887413387 0.007398624992979425 0.42250925213400026
-4.186214901711611 0.006510934679215812 0.4847548613627056
-4.189734891098698 0.006734899461186357 0.4475818306680658
-4.1723328325020494 0.006418175245777186 0.10210470749977163
-4.1977763525631255 0.004499471766934822 0.29763782690319984
-4.1863593763259 0.005515687208298283 0.1999831696751928
-4.187717922594922 0.006121188937274015 0.24716224377770724
-4.19237497693682 0.005380360852646569 0.304610350996403
-4.189916976890139 0.005700379032878078 0.3441170692232407
-4.194778797468296 0.005300886192459305 0.12963833627622168
-4.192229905355418 0.00556699321216624 0.19565387969603854
-4.183854424558909 0.006250811611576556 0.1395918539360529
-4.180911736264163 0.008242956589479355 0.43100380764804525
-4.185725838655171 0.005764667846893983 0.14408632189843373
-4.197129959582177 0.004156195376285919 0.3500557715454893
-4.182478649967901 0.005739354556003267 0.19421155332660833
-4.178329497264505 0.006444564146393601 0.08513967862744487
-4.189654423267682 0.004765270715413889 0.23235047780396512
-4.194577844952819 0.006489624411540031 0.7238159869762166
-4.188604065569117 0.005726074427083793 0.1275814947145234
-4.191609960619767 0.005028006090844814 0.28981778280877624
-4.1920445151861605 0.005425406015242771 0.14414271613046836
-4.191500721324152 0.005450187867334788 0.2328386084913261
-4.203946287181699 0.004045426141866391 1.1838038506117363
-4.191871419100485 0.0048286482765673815 0.10160957493764167
-4.194923524856547 0.006465244582611591 0.7262420300375574
-4.189645518500915 0.005778093113294073 0.4718930952013388
-4.179039359479729 0.0070626209846082495 0.3460478427873397
-4.181207160264634 0.006654399962671992 0.3091105251326133
-4.187040310071257 0.005131856090947291 0.04649572564724269
-4.195685562884086 0.005591223765987066 0.28965004396861205
-4.190432371220035 0.005044226543102665 0.3565330535763195
-4.187303833836218 0.006214899663453855 0.4234651566858977
-4.198227628087141 0.004266995695873189 0.6544771542919383
-4.189699061436039 0.005862156051754527 0.44079234044142657
-4.194316841223154 0.0038486687918190907 0.9454074683049403
-4.190219613943518 0.006565879612192751 0.5675455110127172
-4.193878856742367 0.004575471913556393 0.41676079893524043
-4.174257942370703 0.007099483119790413 0.4093635015773107
-4.194947711861532 0.004195406916073296 0.16412599274570328
-4.191569455838208 0.00586675352415274 0.2665650172355204
-4.201747091034245 0.0052417307700097955 0.3529154229600058
-4.195661502062557 0.00428113463144235 0.02659507632382263
-4.194314091732559 0.005221960616896934 0.2855736267751867
-4.1825391288361145 0.006072484431205425 0.19567318460958494
-4.188525255673214 0.0062507670343010975 0.3441278704801667
-4.189311552115137 0.004989080224450268 0.21183600417945425
-4.1959969308548315 0.005204699259019595 0.6028746788109542
-4.190374234427867 0.005123903274093803 0.25926471174467425
-4.191676543712484 0.0059783980204718545 0.46185154865721745
-4.192147139798255 0.006049875038149262 0.3069053533988262
-4.1972036983327525 0.0044490184440360665 0.5437000547822861
-4.198167133303885 0.006053687420240148 0.6418155221742312
-4.196318300881336 0.004100881097940985 0.3598015293647252
-4.180278791018866 0.006656020579888135 0.4658198191920975
-4.197466214525135 0.004956298310172205 0.41923899885498683
-4.18530360206186 0.0053016766139653716 0.10613377080589204
-4.190535764277071 0.005188503378571511 0.3507770218517653
-4.200063632164165 0.004773143613010402 0.7259697565704022
-4.1925230369445 0.005226005479879385 0.41884417672511476
-4.184347795004125 0.007353261971933491 0.3953564944353416
-4.194660513997968 0.003790198585100772 0.026547917631975504
-4.194850447251231 0.004487301587161115 0.2606402902819529
-4.190168021822899 0.0073475798433371995 0.429258116139968
-4.193491512189753 0.006975371100895765 0.6820372924454838
-4.1826996714149045 0.00629481613915226 0.23197471992025132
-4.193686826194054 0.003957856313581524 0.10213664261874689
-4.190340604557313 0.0057483860121497424 0.3579702524296927
-4.191196710193341 0.006063004635349069 0.38778916290879073
-4.1902416520390915 0.00419344061850993 0.07457830614248018
-4.194433986838862 0.005372563983044835 0.7344754679514558
-4.193130137456581 0.006345445699043281 0.7910668936309135
-4.195026831669403 0.005768840145158095 0.45955883337279935
-4.183473225960577 0.005101235285904908 0.0646729142895539
-4.187393133503421 0.005768269938380444 0.5141096328151331
-4.191478895338366 0.004317158877792867 0.15230944256911694
-4.190633017943175 0.004789509410438857 -0.03868881546640046
-4.188843491814796 0.004558069336616733 0.03302537102165748
-4.1857008801861415 0.005450277512861318 0.32828592012167823
-4.181724480361799 0.0060634922900444695 0.41651728143506817
-4.182081809664134 0.006632862667140548 0.24227002227438021
-4.200242280240464 0.004655790859682462 0.5195002730380187
-4.180353222929532 0.006666334754655601 0.2687302382872657
-4.193827467791657 0.007406155003444825 0.8603707629149984
-4.189745331326096 0.005680806929775508 0.34558070342190306
-4.189227897389628 0.0057475129406271246 0.44612567813782933
-4.191856467051489 0.005298643887346871 0.30507544427334354
-4.188426680465381 0.005887931284092041 0.4332770917124943
-4.1959359182556195 0.0068123766617342206 0.6870522321824377
-4.199429650775894 0.004470151334101399 0.35868332972414874
-4.190658375503152 0.004732758180822414 0.03232854056256007
-4.190809980823827 0.004128387570294432 0.12924002892689446
-4.185249040703152 0.005067380484702605 0.20448962781721358
-4.190082322537819 0.006018160536287758 0.5074241269761102
-4.189999530731719 0.005432311279784671 0.38412186405500093
-4.19621303392984 0.005770619231222048 0.4532483819511367
-4.184706855888682 0.00598039581206795 0.5702617861260599
-4.195861028230905 0.005070683000590106 0.6041742556218919
-4.184911234109308 0.006909417648930419 0.45718628351530644
-4.186478509315055 0.0059241029253903794 0.36000181054295477
-4.176805810314173 0.007664052289915047 0.54645207562247
-4.190234034182779 0.0068414207675615854 0.5553840658475127
-4.198305339780267 0.005499568333655145 0.4329249670769958
-4.191646338549564 0.006378217758384479 0.7112537620924999
-4.186360721729853 0.006369701194258309 0.2949202141998364
-4.196276841295375 0.005470635348075145 0.6324382274235281
-4.188405172394103 0.0052519540149957205 0.268712228510246
-4.1978223276496065 0.0047359499193851224 0.749207672244983
-4.187815234814857 0.005462236888177906 0.22380236998051228
-4.193837441617077 0.0056689911194886 0.37418125043647554
-4.184454460649597 0.0054155167538183155 0.12749329876365512
-4.190924264486486 0.0045158209879017745 0.1543897952166906
-4.190291058640255 0.005905520349815438 0.1842417837133995
-4.196830542387579 0.004927414347009538 0.5584438220756833
-4.190032066272922 0.006148451350915425 0.4136563832045752
-4.192384965903115 0.004501132843274553 0.11072009251930803
-4.189957780805074 0.00496889656703486 0.21950101442473902
-4.188304736544212 0.005369564603121668 0.2008362952555044
-4.196242706562617 0.004637288344876952 0.28005806371260233
-4.19130036044814 0.004300152924985032 0.1572572586450388
-4.188746987792174 0.0053346259979137585 0.2436822263463566
-4.1965270878541014 0.006079836191140199 0.7267485183768698
-4.182165486497921 0.0069209888865557016 0.38636310847146405
-4.199321476876717 0.003575281311256492 -0.09118608605595574
-4.186287438990791 0.005768736581515671 0.29756936169932224
-4.192988054220606 0.0040737543401259445 0.1579466937490055
-4.187901237063291 0.005938656434611375 0.3323481642142948
-4.192593434679463 0.005360642413565243 0.4702438445582655
-4.190302442493468 0.0065674271989758365 0.5229538721407607
-4.192848923735571 0.005015239555644534 0.1711732536067173
-4.19382709612789 0.004206177693443746 0.0774883795671254
-4.1864129680518465 0.004528383869905208 0.1878095362608584
-4.193883712400449 0.006063266990123206 0.7679326095290857
-4.194208749083711 0.00507055770914336 0.4040689276912294
-4.196992765384923 0.00474343347799122 0.9239309354285177
-4.196825240544618 0.004723319631664234 0.40349887047563826
-4.185499392880496 0.005508345230603751 0.17950753681355447
-4.190168686175469 0.004835041158827501 0.1058872695800972
-4.187808187672637 0.00533135686634442 0.36029910525052444
-4.197124167700305 0.004367662371579158 0.6780305400463209
-4.193495338011351 0.0033370512105734876 0.16168610558448715
-4.188188055095075 0.005347975740910187 0.4005113615746345
-4.189317225013269 0.00521010880516281 0.41370295121731804
-4.184495029043215 0.005852776642757402 0.1432720360996972
-4.189529452431279 0.005282416975290696 0.28808794872960275
-4.19376475017629 0.006090641479833228 0.35473574462066226
-4.1891939576723285 0.006094183459169932 0.49964350888166176
-4.187063899913645 0.004886959387275017 0.09150026169678571
-4.196460453813134 0.004886194135011932 0.3269103151262077
-4.187274910471628 0.006300150152946193 0.4881071550366347
-4.181826932409816 0.005051927293477251 0.05104420576844426
-4.189367172088124 0.005687038309741031 0.48316246193559576
-4.191190880656607 0.004784542605037768 -0.0038878511427798412
-4.191736419645983 0.004903392509880437 0.28924076570598867
-4.1897439851553955 0.004952565539235362 0.4763263141387821
-4.184061592399537 0.0061335628513598615 0.27312328875129965
-4.190113816494036 0.005566957738947037 0.3515447847322105
-4.193610624027805 0.004700033970687621 0.09432695900626265
-4.187352756465477 0.0056856701151589825 0.3281191641972714
-4.184983856015361 0.005772747339949078 0.17873867035058066
-4.193094325932515 0.005749054340815371 0.30858893938220444
-4.193619932210307 0.004827083909375901 0.20853586008575742
-4.198479975077061 0.0037342540769729087 0.16970598044481056
-4.193850355621044 0.005362401930420176 0.24612180020146057
-4.191412994511641 0.004957523190562623 0.17555342964201193
-4.187972653496796 0.005305996912040547 0.22246423556095818
-4.191430196001356 0.005166949781531199 0.19452503687884526
-4.199894739638774 0.0038672446903817506 0.25495287193661875
-4.196610677084592 0.003889776263242176 0.3309917646800542
-4.198991625786808 0.004207585155255791 0.430346978690076
-4.195321133458037 0.003963473559010606 0.3159147925429643
-4.188710691488171 0.005694939801816889 0.3544991893769861
-4.194426585342026 0.005097610927673321 0.22519513312777217
-4.196787168474612 0.005278180041444652 0.37098543108304216
-4.19474499628615 0.00515331049808519 0.4327610679240399
-4.193770376357744 0.003953389542107349 0.44224128798444073
-4.18795253683222 0.004887229625872085 0.08792055276010635
-4.193539753657071 0.006736186959394253 0.7958509364565518
-4.197166619379574 0.004621996293644064 0.38773339426207754
-4.182958290203682 0.006191364341919689 0.23404452676802523
-4.186679716169322 0.005996413439316548 0.42601674056423766
-4.1797674379093195 0.005579671579405854 0.20985915646996023
-4.190779989633228 0.006394206661721123 0.6164271844356304
-4.193369185679626 0.0061163548926055095 0.4834653052480461
-4.1843849560555135 0.004469072633426925 -0.05870225520692335
-4.193410771465453 0.004855448692787113 0.24828396921822882
-4.196958132543015 0.004026885668761954 0.8925397333516703
-4.195172550253158 0.005882982444455246 0.5438745339461011
-4.184298106856469 0.004825129668931546 -0.04209209582654028
-4.200148457757898 0.0038650781705915015 0.17974467180970644
-4.192178200457747 0.006087639881313813 0.3826461729569991
-4.1971534283055 0.004373098403780923 0.11317989470967793
-4.196141809133263 0.004969571404358626 0.48381607571227736
-4.192464552741272 0.005888477825902556 0.23064739580647187
-4.189059854731664 0.005235541893823829 0.3009555542891167
-4.196395443848152 0.004376506738938691 0.3828982752900377
-4.1867961404053835 0.007241507906646081 0.6429691844784229
-4.19071659471461 0.005174328133967496 0.317247358317984
-4.195813803468826 0.004749720260505219 0.5348773317608793
-4.193630271137716 0.003762818735963268 -0.021573104117512343
-4.19523158395956 0.004386052724277051 0.16616375796313132
-4.187333033982662 0.004855304849029088 0.12045842733308776
-4.203008895890494 0.004800961602718883 0.3035174844919126
-4.201766781814166 0.003660718296725106 0.5648343230558523
-4.199139398160296 0.00348957624519696 0.04616370550552562
-4.185999561316374 0.006289066582703945 0.5132282826465835
-4.193549517590752 0.003947627597876003 0.2273249352325022
-4.198309738151429 0.004858447304204304 0.21891067576717993
-4.189599004374026 0.0043358433267014765 0.24011506385303671
-4.1924340010889765 0.004896827198680534 0.09470904931326873
-4.1971991367341115 0.0038369745398583927 -0.06279586213799215
-4.186668823660473 0.006465848056622535 0.2609942476796362
-4.192636396732657 0.0051382681424010776 0.3149382513202038
-4.190153973376198 0.004783474002039723 -0.06110426028266447
-4.193037513564956 0.004705488930916059 0.2021783695355105
-4.1853463879371064 0.0052913129388497205 0.2969984944592807
-4.19118197672547 0.006942343374480503 0.7464397516498451
-4.188020510108802 0.0043232367779191495 0.22986371665089878
-4.1943458843921375 0.004997886007732622 0.5651136264609984
-4.190533071843513 0.004066908952951382 0.12190486684621693
-4.187219620758829 0.0037274822547316336 0.04856492004929569
-4.189003677084914 0.0049406353789424005 0.10622852451652998
-4.18718414195338 0.004768694289215015 0.27636922513439166
-4.197309822233288 0.004017236147251546 0.1884816279559003
-4.1880675639725915 0.004081987992559735 -0.14494459975081025
-4.194701104143589 0.0045379071530898376 0.45821054194323585
-4.194770467527872 0.004772039835730879 0.10776781845839034
-4.1813789293124 0.006772031674049393 0.34035986546181063
-4.20130815745877 0.00420998415565924 0.4261325077870234
-4.19254697002404 0.004900666033350631 0.43233676230451656
-4.196240166270821 0.003802349380295663 0.3394094921516746
-4.187603976022326 0.0044764105549804185 0.20722745439547818
-4.195441558206486 0.004469737154784552 0.11620386175856257
-4.181388756533123 0.006011487117852077 0.16250494140458593
-4.194099715341964 0.004759003789612541 0.06240598014774279
-4.18645830914941 0.005058462565631894 0.060061288606776286
-4.191822426753737 0.006631344572683945 0.49304791165006945
-4.186208252166042 0.00596676709022452 0.45182935513070666
-4.19268020648511 0.00627583418102924 0.6204008088541331
-4.191231359224292 0.005533888977398857 0.20080225115959383
-4.195645471705172 0.0033647675163033844 0.49710504122203025
-4.190744713035925 0.004662136013335994 0.23591397208133735
-4.187353312944175 0.006136057101742541 0.2880609777891875
-4.192146564777731 0.005762956268414002 0.333836115445747
-4.182235066014981 0.005044271908492059 0.054111452710822294
-4.190844503120374 0.004428936461395892 -0.0002553515012748697
-4.1982883172884815 0.004534770545558895 0.21602626135282577
-4.1907152272703225 0.0034286436171015967 -0.15608305076510742
-4.197900675258957 0.00418005536360885 0.2987188320583254
-4.191815560832078 0.006240323061073026 0.4136444630340691
-4.189179672681571 0.005524942886968141 0.2676392171790064
-4.1937276756493365 0.005528624752632054 0.5685614385942162
-4.203573545021887 0.0038741173327659514 0.5358346549386725
-4.195668476510002 0.0058864770295180184 0.489505914945667
-4.1859654185044946 0.006557091730364509 0.3259349523277486
-4.192878587715357 0.004494570923608339 0.19938119040378888
-4.1868385341682 0.005623737798035938 0.36156797381558525
-4.185161903550316 0.0060411508963595945 0.32977966306004647
-4.186410312385879 0.006689186416662105 0.4637987402181173
-4.191627035583443 0.004346446639100049 0.005623334937263524
-4.192834481616435 0.00458960491856091 0.10031091879977905
-4.18870626951225 0.00507862343501799 0.17809444074504743
-4.194254872671153 0.004087871194698596 0.12980253546718334
-4.194373248974976 0.0042001881464152156 0.13642926161124547
-4.190980759477877 0.005234241443160292 0.695308196686939
-4.1925225181260934 0.005722267459320715 0.6217682568793774
-4.189213366703373 0.004387107205393922 -0.05084797145929065
-4.1917792763826185 0.004149539817300848 0.13673492333947723
-4.19550981813844 0.004952063778890228 0.0760526122309525
-4.183902441180283 0.005658836842447784 0.4385778168807263
-4.196813362795166 0.004521848978500615 0.23900180999708664
-4.188028292458794 0.0040034229774619555 -0.14486861184584526
-4.1825611620559675 0.006288391081804214 0.2513112040638872
-4.188223907913373 0.004453673069700673 0.14263387865514654
-4.193032803174939 0.004884380438035414 0.1914506007619885
-4.188308424384322 0.006053515399677722 0.2235746287296949
-4.1813620830988985 0.005170346615351845 0.12689192668024163
-4.195852147758176 0.005055431165451703 0.27373406384316135
-4.196509750968772 0.005012201306387728 0.5658370126265626
-4.1867042205914995 0.004515313103807369 0.1731004621817963
-4.196874993886366 0.004796480780689961 0.7297598485637957
-4.185392382055105 0.006286660129021292 0.4305547922006273
-4.191084885204098 0.005334453057715667 0.4040566887505168
-4.196895234919514 0.00460497721800038 0.21007523784137883
-4.198342363183552 0.004695751171269984 0.4639993625362715
-4.190824305599734 0.003561174226711583 0.009364737026496983
-4.190089094069446 0.006064172267926023 0.335368931031222
-4.198021888129068 0.0032105244854996303 0.12358239661906734
-4.1940091236292645 0.00481090972281175 0.15255502536264665
-4.192984086231974 0.0049863504717146566 0.21698581419781782
-4.1891394584310735 0.005849828834579378 0.4913074019404263
-4.193063394779046 0.004450315059077013 0.07337969880798278
-4.197024536294991 0.0037711604431251255 0.08083126158747456
-4.191996635331005 0.003982627330858086 0.16744540516388629
-4.186537895062786 0.004525571927703905 0.07959833821869744
-4.1964743211186875 0.004777960266649714 0.42248909302158655
-4.189775758818934 0.005438049989705182 0.33839492277556715
-4.1888313843294505 0.003929787281772307 -0.0216051709342564
-4.1944658751744415 0.005134727555530545 0.5992584505362857
-4.187312819726667 0.006203681319550183 0.2499685643458226
-4.192496656133236 0.00536625125962645 0.46725500989533764
-4.198911857374308 0.00461887829024603 0.5156084848813003
-4.192813555095222 0.004593935092091566 0.5778988991396805
-4.194911349038023 0.004833150834294624 0.1974390512431735
-4.185964212917621 0.00489345103025977 0.15414789685530994
-4.205212297117632 0.003418007998767786 1.4554762640216834
-4.194961258453615 0.005020275229844347 0.4348064445915555
-4.192751368356487 0.004740640625453719 0.2642276105057929
-4.19536394891382 0.005622862851536577 0.2642871601382295
-4.196434136653224 0.005558354708333313 0.3684252708180862
-4.202294856881282 0.0035542205181606336 0.4870820882131046
-4.188238946204847 0.007044602786486924 0.7257853034351032
-4.200129358149357 0.005298980397563364 0.6238619526942517
-4.193408465577047 0.004640131699517137 0.22783696996031189
-4.187454903449116 0.005244602505027223 0.16266080176096187
-4.193782327249825 0.004649176616717021 0.010271473420353394
-4.190115113454426 0.005321993714310778 0.4520596164421312
-4.198519929555801 0.0041002653255987455 0.35167316612967514
-4.194407004622231 0.004059613370910523 0.21386562529342312
-4.201909056762133 0.003652913359419716 0.5707569942981718
-4.1875122092853 0.005007435528609608 0.31223513857809126
-4.1918147179514795 0.005145373906396396 0.4571548950117521
-4.1905040035473355 0.004873911441133844 0.242496395351524
-4.193997258411488 0.0053403300598584 0.3631209480118377
-4.19525552037225 0.004412659890503832 0.39103765804506296
-4.1955292118178615 0.005312507909317773 0.3915599429588541
-4.189728330419339 0.005911918675297174 0.38876184759047616
-4.193570700669726 0.005638021980781859 0.5604599770565364
-4.196753156015256 0.004476152315441881 0.11430484762737048
-4.198242553997812 0.004346867375710899 0.30732304243442454
-4.190761231629739 0.004265845819636926 0.01081577942925005
-4.198603982225241 0.003639381584297621 0.4635139276248923
-4.1914197172046865 0.005869194715310095 0.3697606102955433
-4.200003583381919 0.0031992995950320003 0.13411690186535152
-4.189912640332938 0.005763955917997869 0.538309061819892
-4.189012153478793 0.005005041490116707 0.1929867985384882
-4.196686220276584 0.004833895444865939 0.3583498760133498
-4.1937637723103975 0.00516082565299136 0.2524592550281962
-4.20159597492374 0.004272952142176864 0.723100934198144
-4.191988810325123 0.005223284267761961 0.331127071369995
-4.192572619464643 0.0038247201943277694 0.19315036483914183
-4.200638284006855 0.005444155987139421 1.0566431795973998
-4.18589772418781 0.005705618858065096 0.30208694509485456
-4.192423871528543 0.004670023897364607 0.05198665581252149
-4.201252344519901 0.003420484480981197 0.3484160187262798
-4.191805807646086 0.004631656456420422 0.30118924795633495
-4.197180808237295 0.0036808632706984753 0.24426754700313447
-4.198873666288886 0.00423580054943392 0.24960400094302315
-4.194756015100969 0.0034819450811657804 0.33598693583550054
-4.187172960531119 0.006008659007803328 0.22832517498991278
-4.185620230066634 0.005856714393264893 0.17590330994350445
-4.189666313259774 0.005004993438073095 0.21424297244161639
-4.192876594228146 0.005159795482195761 0.27283370331085655
-4.200435124095309 0.0038457937335483615 0.07944679002264354
-4.191943419494456 0.004349074043257051 0.1621497520720231
-4.199565657359833 0.0037056258185877997 0.34436286752080325
-4.189581773366639 0.005516057272732311 0.5010319088706094
-4.193375088886769 0.00343313100803252 -0.04624988870866392
-4.193805216319342 0.005243926230332042 0.24948497504353684
-4.190479364068697 0.004779976974764606 0.4289259261240703
-4.186743514354913 0.005198433080018886 0.4309411101534595
-4.199540599472131 0.0035226169220761486 0.09971898859239525
-4.197468670585744 0.004778772739104638 0.3807504778102826
-4.193282906802772 0.004890977573027973 0.4095289674166711
-4.200743798164906 0.00319598017490877 0.5923843753119402
-4.194206430528016 0.00520357041993617 0.35803845606273554
-4.195002185320318 0.004281220875183581 0.16094210441249102
-4.201092491419291 0.0035180569383527214 0.3089349495785976
-4.201402344600338 0.0037291244192341963 0.359602872421806
-4.191121833263968 0.005738170617174777 0.40535424687425414
-4.194799246952326 0.004865186607654135 0.21880419419685426
-4.202416417956448 0.003355361632422142 0.2766105865555184
-4.190606483409914 0.004212764618087513 -0.058922271888215416
-4.194687531198682 0.005022707436030842 0.2723397828396821
-4.196238226743675 0.0052537154402025514 0.7030329252594507
-4.199176113802899 0.003530969768438441 0.6231460015545929
-4.19094026389253 0.005306444695395248 0.1284065038526626
-4.196681042957075 0.0037944636006780785 0.1267761221904723
-4.194299240076767 0.003908699590043418 0.23923442023939656
-4.195295040413943 0.004992286527240796 0.38543556443740723
-4.196447753830765 0.00475050516221283 0.2425526985612969
-4.204558281215891 0.004666169008415386 0.5133168454886157
-4.198897478100785 0.005192556078986683 0.4886033999603918
-4.1996386184783825 0.0037645683402694544 0.15966115558954785
-4.191687439392027 0.004129118380806806 0.2161641282837935
-4.197388300526384 0.004653658832915252 0.2114348575965309
-4.196342920020477 0.004597238323523738 0.4757915751051497
-4.182034651301983 0.007415904987413368 0.3333132616624028
-4.195504056967399 0.004239431356869983 0.1760013368878447
-4.194632866629653 0.004571834341944105 0.3391986721993129
-4.194854521416719 0.004272072602922232 0.25683714312143247
-4.191090223125712 0.005182920342425767 0.23180974532800802
-4.198226096740784 0.004469949047854784 0.4552737610929781
-4.195813050562053 0.005170811725548924 0.4378104180462583
-4.1902248819100985 0.004808969941890965 0.17138494396296533
-4.186599955140794 0.005621043784280739 0.2763227272645121
-4.196676511222758 0.003842970403008187 0.06341566752610683
-4.191757123220307 0.005396759826223112 0.4266626885073094
-4.191966637883892 0.005504537877736735 0.47777759242707596
-4.191969192451074 0.0048181607244507695 0.1725628652901975
-4.188777178909862 0.005096620975667375 0.08742042447489817
-4.193763378549045 0.005618164557212104 0.4008835020639857
-4.192344094363776 0.0034034472926483803 0.01719047372798377
-4.198938646198783 0.0035046475408383967 -0.0242959604633064
-4.197560411886666 0.004706467746719106 0.5014186707802557
-4.193239000131052 0.003651116626471875 0.2841757612500445
-4.188157889860736 0.004472408616553344 0.11289881920876166
-4.193679836406346 0.004526243718081434 0.3742578472514081
-4.193532665819692 0.0044898550350508295 0.4947580977360465
-4.191876016703299 0.005163206554301958 0.31677782828480694
-4.191279117057104 0.0047436417522790895 0.09682666825845798
-4.201541212841883 0.002825779133565539 0.10820893886957506
-4.1908478608191695 0.004913910231553608 0.2009195137996519
-4.189442596404424 0.005733633586140049 0.26922215307141595
-4.194536414908991 0.0037335527898183247 0.07677106808705292
-4.195935867689334 0.004444809642762567 0.9035359649153933
-4.192711635651979 0.004836409168747853 0.2307045658049084
-4.193862583288691 0.0031617046160302437 -0.07179632112924
-4.201129206630645 0.004051299614474715 0.2470064169129288
-4.192876867270175 0.0048906162523200845 0.161562635624257
-4.188463700559767 0.005942755012714013 0.6346994450725532
-4.182363089757656 0.005588867143005103 0.17500683364605207
-4.187687037434334 0.0048085951848738 0.16935450943426134
-4.186591061921624 0.005754978649559167 0.4001627352076621
-4.192567922466126 0.004727791498490345 0.2327495379047384
-4.196477479798638 0.0037823748497763016 0.2175091348761894
-4.201319671491537 0.0031572669664580223 -0.01796653092267575
-4.1934485494912614 0.005059301453288087 0.32108259272507844
-4.197011642051918 0.004313447433856371 0.141189194605009
-4.192755561963867 0.006607850096800259 0.35048878494895885
-4.191785366465923 0.005650115340811071 0.4873406435613161
-4.187657999047453 0.004961566438535034 0.16155736402244958
-4.20101598516693 0.0035942024073687333 0.7012566825214965
-4.194204649043362 0.0059384504678672645 0.5319992768914135
-4.203023458388046 0.0028502993257188197 0.19398894794394428
-4.192996195004271 0.004043968950084219 0.03942259410365223
-4.190679265937477 0.005287749815316383 0.13410074605365163
-4.192797321347278 0.005006813884539396 0.4901146138304624
-4.19797379384734 0.004667067183211332 0.649586082945967
-4.190175988195386 0.003864364401118938 -0.12005966831630033
-4.19559009783863 0.00490223673869512 0.2634722314903404
-4.1959720851881865 0.0043297287858823225 0.3006962151012783
-4.20016486421641 0.002926506739009552 0.2928423109288064
-4.190485938667725 0.005335773082585585 0.32970374439467753
-4.196331007660391 0.0038864690063474794 0.6197131253222106
-4.187788063683555 0.00494875846772235 0.24608023687655045
-4.190008809946753 0.006449224869001892 0.723970246831575
-4.19287697963435 0.004747607285098634 0.35816540902587957
-4.194966540391967 0.005213340960236109 0.40992094996853357
-4.1923299891371855 0.005908923053809483 0.3113397619444096
-4.202525554172886 0.0046049781522350865 0.26411625167810626
-4.200542525267228 0.004223879200568368 0.5964235475621931
-4.201048926929811 0.004781020453995541 1.2682267963542129
-4.200475709260262 0.004165707595124659 0.060357219277546004
-4.19903642443471 0.002978235894938797 0.5814844556302032
-4.189362706007989 0.005786023349879522 0.37496276659135297
-4.197167638154844 0.0031707852087015168 0.08125961611957222
-4.18961325774915 0.006049810436450376 0.3427071378762273
-4.187838300098603 0.0044290010315391065 0.06166585121845325
-4.1949691560854285 0.0042974971495985765 0.03054221822153247
-4.189835206999482 0.004612492948075453 0.145937785959392
-4.192037820091665 0.004674705199722452 0.3397574382808727
-4.196103282242849 0.003621912986317381 0.11576111396319355
-4.19715410525908 0.004290191034928729 0.3529921180684146
-4.197510725420702 0.0034311983487925607 0.4273407287960216
-4.190590416557833 0.005267086145953902 0.4439906622974725
-4.197883379338243 0.004059158798792518 0.3868595138294886
-4.19621818128448 0.004816490604414688 0.2733995135762648
-4.19174593439013 0.004925990049226129 0.30273197601291335
-4.191634481343822 0.005115064569033364 0.4232263701134491
-4.197720248872549 0.004826703781478135 0.42882106819154253
-4.203350658020561 0.004441588671464288 0.32310830933752943
-4.188094904118351 0.005130787453009333 0.04073550312115637
-4.196019369575421 0.0038179068471187153 0.23693031164038536
-4.18937145183963 0.0046610373854621525 0.3644806510148171
-4.196037477228593 0.004091499909853703 0.13238877360786672
-4.189283651494206 0.004550516928962537 0.06424880444169945
-4.1971731509092605 0.0034250824575851055 0.03539672902054358
-4.204384870074925 0.0029932382340164005 0.4001642084874052
-4.1932676037769285 0.00638457892716906 0.2570198472277514
-4.195968727602485 0.003755890113184398 0.15429703410829454
-4.19959547927499 0.003281597423412971 0.15469363138902104
-4.195661173328308 0.00528367550554412 0.4031583749443882
-4.189786768678523 0.006046704768710624 0.6505009390713421
-4.197129296156988 0.004087979435659507 0.29157289966249433
-4.1894171600290235 0.004417259837414078 -0.016471576789077236
-4.20136852918752 0.004081810901798479 0.3280193038977014
-4.199646052976831 0.0027303772944652946 0.24976994121521845
-4.191654118303948 0.0047425117683979326 0.1918304310935678
-4.19961118119525 0.0036668866305951666 0.11291240801927915
-4.19125370809485 0.0051491767195962065 0.2837826933374379
-4.1934686249107775 0.004136982580257978 0.17242839937310495
-4.187269022503261 0.005495562680185427 0.1805980119894589
-4.194822343033766 0.004129886376489037 0.18374640288068944
-4.1961295049426965 0.004560243432893004 0.280414113824319
-4.1917520793375775 0.004202065806647695 0.07100039093787214
-4.19558369043449 0.004201244376829526 0.3321581386461445
-4.1921241190023935 0.004278157240817945 0.14646728693846722
-4.190073185253524 0.004733763569378641 0.42099467845860994
-4.1921151402798795 0.004677647398367452 0.3536550870113313
-4.204692612425109 0.00377389106941511 0.7607660401535079
-4.190561331556464 0.004071436680052841 -0.006601096817749563
-4.19265659501432 0.004946220207520091 0.3464617608258932
-4.193152461107074 0.0036964982257562803 0.04082878243638388
-4.185429349594607 0.006433140713263497 0.3525067286135317
-4.204382740866972 0.0035728917649549205 0.37865422059520615
-4.195861624728668 0.004165800343381724 0.43338099476734837
-4.190915325221736 0.00354267943444232 -0.12971850180139038
-4.195072864891852 0.004391205810412701 0.26344703467135666
-4.198770158788676 0.0032882544896861614 0.05276107400536956
-4.193444888948458 0.005373379482972367 0.33774111979722043
-4.19484071412382 0.0034445465406580866 0.05221098768902954
-4.194089631664537 0.005857565062489521 0.5746496091244548
-4.1999559175905485 0.00458929514285903 0.6044489021017507
-4.184138262548302 0.00593559366043478 0.2650836823793985
-4.182703781333845 0.0058749918056751485 0.2813508578785824
-4.1910748746804725 0.003843160355855514 0.024879102455179214
-4.2010287757333105 0.004512622000670185 0.5390891233394177
-4.1944027945971865 0.0038087893208538304 0.06680985864961708
-4.1981447728390044 0.004705894921283583 0.7904185898071474
-4.200551947043288 0.0047176384176405755 0.3141599520683438
-4.19748637267909 0.004807742878575845 0.40688842142949044
-4.185078834352768 0.004295409875869129 -0.005632441690645529
-4.19522448002649 0.004874524558331375 0.3102718703863738
-4.18891580084671 0.006416615904484983 0.6063594847346829
-4.193672062310016 0.005532938355097931 0.303902504335686
-4.1927600386312704 0.0035928178386452213 0.03012665872927278
-4.202022085146699 0.0029302584741411762 0.6152833638639403
-4.195160418700538 0.004418243686587556 0.4858800006838102
-4.198391526531872 0.0037007206536183073 1.2085280515423626
-4.1918489913327495 0.0032509253300358905 -0.08554816450151215
-4.19704583146021 0.005239775892351841 0.5947221360061337
-4.194369136766859 0.003623384065518366 0.6852502255393325
-4.196038906466308 0.005358362470192054 0.594839738065484
-4.20493146085942 0.0032740439939041854 1.1267504204813994
-4.189897228201107 0.005720346475448023 0.4371341780220688
-4.1894760795973385 0.004903806873475673 0.27919552568004236
-4.19706480092336 0.004574423381061914 0.298645151839404
-4.195414421763543 0.003565326674197929 0.1356729661633156
-4.199688963142789 0.0042505087281765495 0.3883809577948587
-4.197143008735892 0.00460457546078497 0.37293609331769473
-4.196817490417167 0.0033382802344932502 -0.024873033520965093
-4.204773156184047 0.00317902389596973 0.102161697828827
-4.197007766167854 0.005591962022936973 0.7459664736322824
-4.19238545447948 0.004132227093857137 0.10928133803902551
-4.1914161772187715 0.004929524203042191 0.3507226003420846
-4.201066980162916 0.003806867243190678 0.17433830497952985
-4.1956765394377085 0.004701696773264866 0.38424376945165095
-4.189400184778533 0.006777823538255786 0.5567410049644905
-4.194513342183963 0.004503886131867911 0.31635239389584624
-4.201109907411985 0.0031021476771599904 0.12437779714146224
-4.194676275950665 0.0043677975285533075 0.06077561510656049
-4.189823441908423 0.004495221357692725 0.23485674717689897
-4.185424763929154 0.006170717125371366 0.25772573836944257
-4.19470698256087 0.004606416071462065 0.3278556771532125
-4.194041536352722 0.00441060305739459 0.23950851492988579
-4.201490306174318 0.003726374130401347 0.08073726821064342
-4.194194507614348 0.004836004443824161 0.2526185051144233
-4.194813271884441 0.004424113903996373 0.29518293750286206
-4.19345573085852 0.005015613643987269 0.49684715091807385
-4.202085183448699 0.00396256676943375 0.8391991093532962
-4.19161283052481 0.004995029680745246 0.14726164916257667
-4.190863135297008 0.004238524878160325 0.06203360440773076
-4.198721605838839 0.003601481857274926 0.5675288486824852
-4.198343226056497 0.004197499688905091 0.13104476604743587
-4.190437062076095 0.003921487572893389 0.0018495493131519547
-4.1827468558551715 0.00520450112066727 0.08742523419212134
-4.194297134849038 0.004539394398754464 0.26780936968258773
-4.189502989792888 0.004661003781057251 0.09935401315301573
-4.20100086131504 0.0032127787552916473 1.3961088417488106
-4.20046227516277 0.004491412417052484 0.5628230889724044
-4.197551653893882 0.0030935627379660045 0.1854126683322126
-4.187058197824898 0.004993980100236624 0.1746655190772618
-4.189886409662436 0.005242167467051301 0.25737080304503546
-4.186924995277271 0.005242996979591269 0.2768176401165189
-4.196619473644082 0.004475392709314578 0.2991637133970999
-4.186376714553897 0.0051530816713965 -0.000778921530702692
-4.204491841664316 0.0032707930492206086 0.32083063296547587
-4.185955516774723 0.006949658263535346 0.6765908639182623
-4.202684478694965 0.003474405612487341 0.24134154805103225
-4.194435889884074 0.005506417723946366 0.7514810415461246
-4.195029551468605 0.004839774868997625 0.31945580713442623
-4.192817372534578 0.003929615159971471 0.20663172502685034
-4.204494368016318 0.0032132272775336175 0.11115348837777816
-4.20377028666745 0.0027980920274045403 0.5025334293806794
-4.192804738873927 0.0036238036421400773 0.010751572368128293
-4.191841758723202 0.004428889678815316 0.13343276106522317
-4.192364348758017 0.005648720484984728 0.35566680632870507
-4.191156346358216 0.004589290943784375 0.2808868957294006
-4.198496602104355 0.004184659398383313 0.34865634448707994
-4.1990291285384425 0.004134807760799433 0.7218870575381995
-4.1920144213145285 0.004743385071925757 0.42377883155628016
-4.196847007404811 0.002985757822325158 0.6623634895655071
-4.195985972548626 0.00418207242912259 0.1400269863745791
