# 36 10000 1000
70.08418534858993 0.22622143673586215 0.6583692248725326
62.78283358017811 0.2545025024441095 0.9584647667465434
55.71788003001785 0.23457620696640663 0.7826086106165691
49.062933947335154 0.22241357475131068 0.6620928987288539
42.271504326287186 0.22998922033647443 0.6603181608247823
37.209129446271774 0.2601791777546729 1.4465196849658908
31.59221788185276 0.2272208331148193 1.0763749284745094
27.43008157694157 0.24290753083340272 1.4073120461824145
23.545487863761434 0.1971822174709118 0.9416374742987654
19.844313383051244 0.22775569645123572 1.575571834437747
17.277211141456164 0.2227502530958094 1.4954523458950042
14.763312988384065 0.24152364078983632 1.9624937069463235
12.39900150728915 0.2197112070837796 1.6643162823797257
10.418042115522844 0.2069957969268735 1.802082201298853
9.480006749050112 0.18936740260018387 1.3721967618704973
7.6375152632059695 0.23125511799091464 1.3100888792969763
6.778029541357661 0.22854600921536797 2.334189967279143
5.608354415224613 0.21781786527488262 2.1863400893946823
4.6667158154454755 0.21943059435791049 2.185340013741184
3.561521578591878 0.21422013215038854 2.396640029434196
3.0886560237213945 0.20022558163677445 1.8461618463755505
2.2440617721428837 0.1977130789726583 2.3729695483082964
1.977502678424087 0.2056616644234065 2.4895659800066237
1.3107669711840988 0.2022567015071073 2.6615637917768162
1.1334492886853835 0.22454768412332232 2.4948868970983535
0.9968547755134968 0.20468155680815212 1.9655762012243807
0.44581619615994117 0.21652582407520776 2.9918696305127432
0.2571930962991302 0.20522267086305018 2.3651207212293777
0.46755778779350543 0.21135659204094093 2.294342352624007
0.3041800869949319 0.230587855254789 3.081606776619911
0.22013203420813102 0.2640119799167553 3.34271495102801
-0.6102016375930012 0.20838289224933484 2.589831916162669
-0.6831711396231058 0.23641774671420263 4.222416403012186
0.31898635474429377 0.3038616024975913 4.206117988569292
-0.6186278079439442 0.2705062852992523 3.4493779385907946
0.7161640354576408 0.35190047851397194 4.803153591199762
-0.5109831903124494 0.23708807782600433 3.023199608395608
-0.2652795242215135 0.2870223918985428 3.884558085876356
0.2542343737501975 0.32515247480126963 5.437558798180465
-1.0506193553536858 0.26192500881110276 4.72519530816552
2.9909272561125726 0.8039271086110777 16.376199364776816
0.6305740097508911 0.4757421365800648 8.791817943229141
0.04005696660503066 0.30538223666175507 5.227926745879506
-0.12771473516366444 0.3108821448522082 5.607377374225755
-0.4342314601351592 0.40747381864170407 4.430071301639702
0.8174978493913836 0.3754511515720639 5.292427372474168
0.3861546576917938 0.4583219630686761 7.119420096123482
-0.7670607760784272 0.31455749805874106 5.688914163512829
-0.18174111787637523 0.33551482259340654 4.485381404582317
-0.3983341994269881 0.3390514203204604 5.867457928838141
-0.518266222465574 0.31976833700569446 5.447645739038552
-1.0374066598946263 0.29645054507997987 4.967838285926971
0.481467983948219 0.5163504694190294 9.788926392140025
0.17862565595708085 0.36948834038134337 6.546468041702854
-0.8655351087489115 0.30043735992548215 3.1691781491660547
-0.7744959473066287 0.3405599774385551 7.34981245487068
-0.170863705408162 0.3298371642905057 4.978454221300405
-0.4878945357954549 0.34059498887164896 5.32906346521311
-1.9240293806516395 0.2660419550925306 3.5110604175462417
-1.112252235489843 0.3289948402550493 7.425686183633678
-0.7578073583384151 0.3141952775738747 4.645439752936687
-0.5555200493264347 0.33174852092393947 4.304941534480096
-1.1947867562338599 0.41998357061040426 9.372115919025294
-0.4839122945698998 0.36128052153013934 6.662286112134635
-0.5687183608438847 0.37078806594921926 6.356018759957686
-0.22644560421430301 0.4131823154543549 5.872427890106841
-1.4260700935329005 0.2840495560498818 3.226111195883714
-0.48051233313382186 0.3843125319454622 7.730987084136796
-0.8527188897490329 0.31360722515625766 6.260484046264381
-1.4865769699215672 0.27597549838604213 3.580902748592715
-0.9657562613098774 0.2917672360096423 3.545103421110106
-1.7726969840876432 0.2444542637956241 3.6062220511676157
-1.6890197631922526 0.27632392749063844 3.6993831355275537
-1.458778501783818 0.2911605387935067 2.671043719075239
-2.132887685639691 0.25126920823236343 3.769611025440084
-1.9221688909357222 0.2929285716953705 4.208411780477788
-2.42351107890298 0.24246622989256 3.602129809822344
-1.288792155740177 0.3252459549064793 5.036243634649181
-1.6984837359732219 0.268929145267094 3.882961255637034
-1.9710325696940545 0.25638247993254093 4.084260013562255
-3.141272240351329 0.21880489866186786 2.813409637804299
-1.823420103567065 0.28611682224257795 3.450844375983741
-1.82064251474007 0.3500706340397486 6.2603773975283366
-2.01439951825251 0.2736707928543142 4.519880516579948
-2.5019133858442792 0.23700438643876034 3.593536845744219
-1.9277003416773641 0.24847317017850234 1.9349992733137364
-2.9056296369721637 0.23913626989410394 3.353786745530673
-2.692162669819757 0.2421765867268374 3.295829514578558
-2.9189120046855503 0.24169114571875092 3.26014140175742
-2.7514222029929387 0.2548818803326677 3.633039185990265
-3.0442611415615644 0.22402250737934976 2.775828902913332
-3.1830261285675 0.21912525782848424 2.8342635618569756
-2.737348187518196 0.236336048904977 3.337687486570026
-3.6278883532057917 0.23411561242250914 3.7968067546443702
-3.559989342194152 0.22747509827685616 3.724091988593334
-3.225743320759881 0.26259334469670276 3.5573894042126097
-3.438857333871158 0.2042252199684487 2.7847938235485117
-3.406304265225087 0.2424225174407462 3.3436680543648496
-3.6816625663972165 0.22566846211151195 2.9290617760502746
-3.406147826010782 0.2438616288868577 3.2752833551139156
-3.5442601035111987 0.23174354517746873 2.9194654831693607
-3.5628326507995314 0.2069044476592768 2.340610780231719
-3.7607670092871914 0.20655308768224565 2.6049900613969927
-3.902981249138871 0.2065560629312344 2.6250100472586517
-3.74402468074767 0.19654495645549983 2.089681433163433
-4.097282485988435 0.21299250434209752 2.5353188605938275
-3.6012376177657126 0.21054659031505013 2.422097929419271
-3.932131829080519 0.22137315906263805 2.4454175897261092
-4.581022287996247 0.20300777777183684 2.341493045868998
-4.668483565098789 0.1945775112247748 2.757046939883033
-4.580318530442557 0.21979042063950963 2.9501487546600242
-4.3296769119891065 0.1762383878192461 2.162982567646906
-4.334568441077355 0.20662775926793156 2.3752780732249383
-4.41277397540293 0.20290126845869128 2.237707390943591
-4.876179058859476 0.20703381298981852 2.5228206704813734
-4.824724432623721 0.20898301997731294 2.9593088580645226
-5.010982644966497 0.18002148976014742 2.264782655042709
-4.52715931316635 0.19571021518436432 2.5763672927656818
-4.7977353255012005 0.1933925403319656 2.4434991007338875
-4.5818380090526 0.20303156686397958 2.6980641144803688
-5.183450953312941 0.18209009788136007 1.9408442572554465
-4.791629771462576 0.18886332287227528 1.5988257549495866
-5.237092784990335 0.19857340327446077 2.0811055436713572
-5.187616391662017 0.20020002720163232 2.856179641824899
-4.90753182693385 0.22048727573378327 2.5756459073751437
-5.2718997533472916 0.1955854840293816 2.5106451229680857
-5.338529879255279 0.18894396897795662 2.5019942569135636
-5.353907639512822 0.1700990424737196 1.7006430422093484
-5.54405092181057 0.16190263616420142 1.6132795471939585
-5.639106778868699 0.17419377353357404 2.3971298045637686
-6.1933888968137225 0.17016921731849968 2.094390951547174
-6.38191724511445 0.17202523846620657 1.9400551489421085
-5.897673732133502 0.2052034210506131 2.2402844750417343
-6.037383612273819 0.17127945537250425 2.0536744079839524
-5.979286308465449 0.16894484755465947 2.066254725473456
-6.458121353599208 0.18228141180027577 2.05467971381875
-6.113516367549863 0.18531954899512576 2.3221924364623185
-6.524851824594488 0.16992768016328327 1.8916996472035246
-6.588849311298856 0.16913214977310437 2.0171157765979424
-6.921266202892124 0.16518525684205193 2.016417194368557
-7.005877397653999 0.17437560440516656 2.4412675468795553
-6.781325277833404 0.17448575681978423 2.239714551543293
-7.068070479257031 0.17676279010865703 2.6988529121044107
-7.130947969303615 0.1810775594293089 2.184609518837416
-6.915327450535611 0.16700132447879734 2.2850901532536025
-7.194181809212652 0.1669033850914004 1.91789952180357
-7.577643625171701 0.15126168169336807 1.7986830929532558
-7.763667101194223 0.2049614790254495 1.031849120209157
-7.417794385611699 0.1825104348874728 2.205937637442747
-7.429455670461342 0.1524571509812436 1.325469260136792
-7.495218724792106 0.15428468211770877 1.3052776404682265
-8.221959417427929 0.1632166666472144 2.436627120438827
-8.129947327423553 0.17197247542625657 1.9902202335602852
-8.000719132757844 0.15895625742988997 1.724477282488801
-8.393762674318781 0.16679731588472332 2.1119555411589173
-8.477224572728273 0.15862013888756116 2.448716854515133
-8.462703618543134 0.15981957013269965 1.8359844374462262
-8.843279049638227 0.1617721805994992 2.1709785745769925
-8.373308980091972 0.15135147555512543 1.6487765238728436
-8.515222015556736 0.15811413976331687 2.210784496694208
-9.151489038518829 0.1544362238802284 2.043775802457797
-9.464127163162159 0.16399300393933075 2.4198019211184016
-9.333168372091485 0.16026983020886915 2.3295391599875166
-9.285110918646152 0.16249814573675211 2.1646415256415854
-9.343026598228363 0.15325213213237077 1.7787932505634845
-9.672784885419096 0.16709953739813974 2.5867617226345794
-10.049436434827616 0.16271636446329785 2.2060811431403984
-9.6552237789658 0.15909942444421257 2.3567450006288735
-10.187489055856462 0.16799294875588583 2.746703476632195
-10.285219343731177 0.1629126197203773 2.3110490401140935
-10.681696613701016 0.16182348196098228 2.263491608383322
-10.385551897946588 0.1535825844841114 1.707338634586482
-10.125281517255589 0.16261617615673746 2.5979313832171242
-10.481451593478921 0.15542735753004916 2.182203505278468
-10.36654845585087 0.15660992459625922 1.985879965961629
-10.670259280743899 0.15937847022932328 1.980830558871454
-11.237108650236246 0.14320647708091042 1.991116493250384
-10.999584385210163 0.13279228918897362 1.8517529781357869
-11.011076372382472 0.1524872413739593 1.9791695817713522
-11.440459797446282 0.13762964821188023 2.074671610224417
-11.433406195534529 0.13289733848030746 1.9007430875773816
-11.42032059538655 0.1455238754232944 2.307991643913128
-11.587837157575835 0.13228111415082477 0.3918043210087889
-11.688968930973447 0.13449047193415037 2.093766290535912
-11.368029176829793 0.1460053428942225 1.9311029891173477
-11.592908659784442 0.1363626238618782 1.9126367881573199
-12.163564926130544 0.14256823051829265 2.5951068259322088
-12.01820953181052 0.13003650197877237 1.6024195576779485
-12.259808977757428 0.13229543515776418 1.8295649084592203
-12.464315686052835 0.13042764583052305 1.7123055695899319
-12.311747122450969 0.1424619993247773 2.603812086162431
-12.58976279458135 0.12583608694475168 2.1604409716716333
-12.462807014182898 0.13167847810764266 2.462017273170639
-12.51805256222497 0.13904252539018538 2.4606944396224413
-12.931424776925896 0.1358116555896888 1.9686493767901965
-12.355012550767922 0.1288349355949026 2.0826038470716144
-12.675752575803305 0.12056854294523915 1.8428842236291731
-12.762298498790042 0.13335310680374537 2.2285728309587816
-12.77456669878069 0.15170253265269681 2.216515360531715
-12.978168518378485 0.13643599806327353 2.1253653832681967
-12.895182785000353 0.12080557556447816 2.172963156101198
-12.948094426172524 0.12638054885284772 2.119408513951217
-13.489241521005669 0.12730380778955117 2.3352478295309727
-13.065372290942324 0.13127280982299672 2.1632691159491135
-13.410045532506311 0.1269664668246678 2.1991961580466044
-13.254477854231634 0.11179631677955496 2.267847689626716
-13.242964059212271 0.136004899191066 2.2785019706856824
-13.797754026168999 0.11299743006357617 2.0914370364423145
-13.569933560995832 0.12091464603920533 2.199427449787736
-13.826537143184312 0.1167978098452226 2.4040091400660146
-13.723304655826992 0.0988373574713883 1.8845736113419291
-13.482215590825017 0.13358155332926275 1.9173391222006226
-13.496015173692312 0.13326749818471373 2.5495455351723093
-13.85225763490454 0.12410381256098557 2.379497443048664
-13.936748446929226 0.11783295501740265 2.2393946051885063
-13.7938690607798 0.11207822583971294 2.1923832132736214
-13.90051964509872 0.10423620228419325 1.659893867463519
-13.942287830243993 0.10353027885158662 1.9651710312516983
-13.992499960595499 0.12650762075894018 2.3579563508132853
-13.981530019246156 0.11475892813266697 2.5119617317599023
-13.944005438379193 0.12385227059723758 2.7724878154618393
-14.083368267516159 0.11786186761737295 2.41380176941506
-13.923288732892768 0.11546050739551074 2.718985738234383
-13.748625058675346 0.11840283995261433 1.7670399046837026
-13.933237687439474 0.108220631376013 1.9554822628879829
-14.319748549427402 0.0923062928709298 1.7577277615209201
-14.38313272875348 0.12273582098814623 2.9173632331601707
-14.249400385521945 0.11865304979509199 2.6891591306298572
-14.368965914677808 0.10925028242133171 1.8862120470833803
-14.582604350819453 0.09656149997052273 1.9865224456038248
-14.371883667804022 0.11500377727587774 2.7718481682762968
-14.49060944169424 0.10160709637687608 2.0412308047853087
-14.519093685620625 0.10856700761562559 2.3928573410254974
-14.501857738129303 0.11869866840987789 2.59035983284863
-14.374742460701652 0.1317829662504221 0.9669651372390273
-14.389201800681771 0.11769410341560797 3.1201917202321785
-14.50740312668194 0.11172157047990644 2.3353720916968834
-14.606289570989365 0.1183640632456741 2.3673040944180928
-14.735499738339824 0.09980552885020291 1.7256944793314695
-14.771013401633173 0.11484208938515086 2.255967918692805
-14.791541390240493 0.11199023918878329 2.804609315799165
-14.560117834812655 0.1219197290793927 3.058166923820627
-15.06478947267017 0.09610030414465397 1.9190403416938997
-14.993100399560063 0.09858418722771219 1.9130619609818336
-14.651286599623528 0.1106785237034358 2.269367863690134
-14.991154932849197 0.11829504043126732 3.0301755575785605
-14.771869533682196 0.1126477145590949 2.3409771406206636
-14.956231841548739 0.1083308749966016 3.0230796871947043
-14.97858620381291 0.09575564403499288 2.2134591432736914
-15.17717933312168 0.10191120523908928 2.5172967600139873
-14.891389095196228 0.1007243686813939 2.6650698213823705
-15.148520076892037 0.09981760186252533 2.4013831077652985
-14.974070685003369 0.10222517521117322 2.6890669549208135
-14.995255717586161 0.10345693330538121 2.4247347068273406
-14.929862748592129 0.1075494900805007 2.5369710094889055
-15.110256304173285 0.10690090994814115 2.3094584124392306
-15.014554428877513 0.09551105323970607 2.4901875418348083
-15.254708240364257 0.09817819191537214 2.4984599203048115
-15.355409937615178 0.10206471449324085 2.718209512275714
-15.458895067698606 0.10944132150035886 3.0511290709044436
-15.042974964350288 0.11700323516094072 3.2479989686684343
-15.309993336457483 0.10878230153410427 3.2770224348683294
-15.158553911350342 0.11220893115510323 2.85818156716819
-15.456989148094655 0.10859677134528183 2.690760375666065
-15.557613992331722 0.10519869842395609 3.0627549895968667
-15.31867276040768 0.10767462210172357 2.457996975268499
-15.313760469482864 0.08832329006897358 2.045931911141608
-15.578750156350857 0.11722219445467787 3.383524129597999
-15.724551207090267 0.104364512793225 2.319057148754745
-15.307836396444419 0.11188276514178629 2.7841354745051725
-15.460132458905292 0.10209685390574191 2.538504958226349
-15.721063668420499 0.10470582573147291 2.8248129617738997
-15.519180782139605 0.12127361511323698 2.8549926975276767
-15.47467537158235 0.1027756744824962 2.265569220082457
-15.567887556992472 0.10180505505389896 2.568700392821916
-15.68840630480703 0.10112036711757989 2.7157170197110894
-15.470845216512139 0.10619266733103831 2.8489659959299916
-15.50478169247383 0.10234680302786424 2.9148009018685026
-15.712454271326488 0.10756049904797832 2.527813180551383
-15.599273209844807 0.10281118339000077 2.296835670147894
-15.790933923884793 0.0918487598700268 2.6839962470977583
-15.75711202694618 0.11335521412487296 3.776120335006471
-15.978246798817432 0.10616390362054276 3.1687526661183254
-15.594937296615672 0.11823422002441047 3.153088465928291
-15.723426816091166 0.10391197106907248 2.620355817657077
-15.809939929505196 0.09858439741978203 2.6647670072885776
-15.827678902368085 0.11236980583812292 3.263251606532812
-15.71132485306422 0.10403502534085883 3.0721010032932283
-15.91787788227407 0.10690658294242171 2.4984085886391725
-15.876364193814373 0.11582770144094061 3.5992231574688667
-15.944538767998035 0.11136885269360419 2.8348150595662576
-16.01761547790965 0.09971128359386454 2.918859752782518
-16.0370393694915 0.10171073848938847 3.014043531689434
-16.125986127356438 0.10552099428524915 3.0967380697970914
-16.06430934552367 0.08752105379104722 2.0870159458650526
-16.072215485360758 0.09724995856544992 2.621046910386977
-16.205380739633817 0.09622782019165987 2.7556555518639785
-16.289825408010174 0.08794583305486967 2.60009138382016
-15.878942104314154 0.10149155839901775 2.594449430481901
-16.21838207845717 0.10319107770072779 3.287872605154452
-16.08783914972956 0.11119971546638911 3.0501665567472918
-16.225579980944303 0.09770244601153205 2.954347902685555
-16.32323688596139 0.09948502016467792 2.7623490541007416
-16.168619179775426 0.10852144166286662 3.1312730621896927
-16.409410075106344 0.10345881343143129 3.290389626799467
-16.330213578786555 0.1062412105975019 2.996994725118383
-16.212909111697357 0.10095337271982634 3.167415685684406
-16.49376351692044 0.10624762253049348 3.467439890628443
-16.249050716905774 0.10658153174138715 3.3133906220324265
-16.718593187136598 0.08840165929333181 2.6081313093878795
-16.574033817638455 0.10157811935126443 3.048968303638356
-16.786055345343623 0.08739721050835432 3.19665020062531
-16.48590400631092 0.08835227471633597 2.3578775398288303
-16.50691907264808 0.10367670257336495 3.2573747164150464
-16.98943426995477 0.10046035190258347 3.7694068085968153
-16.603942601574122 0.10552929292268985 3.18604780145002
-16.601230195653457 0.1032395354385889 4.015355022368868
-16.738791433373308 0.11043963621840969 4.052091286189299
-16.676663704950375 0.10487926981408995 3.3027170338071543
-16.665078371733188 0.11401855943761043 4.02617844248453
-16.82990868590145 0.09659885954527399 3.2588435224709973
-16.52668522781817 0.11564709788220023 3.5430363419955366
-16.96989262929328 0.0960864153878595 3.0260167042461124
-16.90794552045001 0.09125757872422073 2.9753830155091543
-16.422058299839424 0.12435906790175906 4.040177271671729
-16.703681409834484 0.11737427251927655 4.2770590552415255
-17.008245224764735 0.08419877839460795 2.4733737072153428
-16.913383254277086 0.09742914601474877 3.5737728846522927
-16.751588822574575 0.10527716618118053 3.7250048971342213
-17.054308524946403 0.0967118387324751 3.1594456510814855
-17.162940561545096 0.0862376072588456 1.5291668609573366
-16.82803203464721 0.09459546031641523 3.024492956346384
-16.988744307851437 0.09843881910900866 2.7970760298696087
-17.2064327382578 0.09362459824644054 3.5348840457479938
-17.000524257159025 0.10570893895359669 3.320434751611926
-17.21649987631079 0.08567890694652515 3.235968526269838
-17.114090197130942 0.08945627403596898 2.910019935840042
-17.057540043502957 0.11011156798965809 3.664166014516171
-17.267472157024123 0.08862227049532512 3.0227322969295853
-17.48460612050365 0.0871938911990581 3.1942102140984123
-17.305989323331232 0.0877316308054271 3.174591119724839
-16.83244299470376 0.1099649747098533 3.2734563254198523
-17.45917397693848 0.09603343586139275 3.905493885135636
-17.10784646013414 0.08906981366645754 2.8497582753403727
-17.251806738976587 0.09179210094061259 3.4458202473790864
-17.31705300469793 0.10138379191852212 4.204808349178998
-17.43082909930744 0.08374730389649156 3.1088066036877624
-17.34981767710304 0.08359979154792944 2.630686336476844
-17.432558275587766 0.0907679271112912 3.2962927278459295
-17.324969369282293 0.09825901489964586 3.7773092859796185
-17.561308143026704 0.07957014900922638 2.786655060710297
-17.188188220920836 0.0933717798560119 3.254111930550454
-17.41180947583826 0.08920880132727345 3.1053939204872028
-17.452203313755806 0.07833714003840929 2.7146004081207327
-17.3811316276902 0.08865328661487223 2.5925221072550175
-17.611996532368014 0.06802058261862329 2.57170275600593
-17.484515194295913 0.08229809067335171 3.263811783170518
-17.58304117831095 0.06780556567319386 2.0250752831168755
-17.485784069366193 0.0770042352991266 2.703623779910567
-17.457587363347063 0.08229882553516249 2.8557635238195895
-17.64697541086483 0.075607459179495 3.2313054769008827
-17.44820986151715 0.08346264721467213 2.4033746991857297
-17.49481387572781 0.07307680851898529 2.213285567892496
-17.583973308118054 0.07499629437461801 2.3075078758979863
-17.678616157262862 0.0634881145555951 1.9541918736976793
-17.48629650238389 0.08197143357317298 3.6040287035730874
-17.541097955143858 0.08066243194405925 3.0552382065178763
-17.618060235636225 0.07561125247627318 2.3782919509787495
-17.53341362346843 0.07832752723443794 2.4905724027750806
-17.700302264469222 0.06445694638971639 2.627254525527102
-17.454438167791956 0.07400972314321996 3.0318716673237907
-17.63115161644489 0.06931558617913534 2.502442972810502
-17.467758131130978 0.08407065721288988 2.739678052730774
-17.667736026372296 0.0645032236571019 1.9244323043893794
-17.616522246833746 0.07359315346305897 2.615379771450918
-17.510711500183813 0.07425981299438938 2.2069867544351003
-17.533474320473974 0.08480102207426667 3.626358755504949
-17.47987854692917 0.07109721859195813 2.317515219570315
-17.577520630603626 0.0759477494127324 2.850597262656349
-17.389381225642154 0.07749667311460474 2.4542918353050687
-17.71552039745707 0.06597571509043555 2.150349194471766
-17.686965186908527 0.07365783512320605 2.580443838353348
-17.77076702322359 0.05868812350907245 1.8151797961851637
-17.66479344550565 0.07154327454850198 2.6541809959253397
-17.65195519811887 0.059175183464234685 1.5706712896881023
-17.764785132988784 0.0656877102436098 1.7489754475233874
-17.58918319943482 0.08068119075608379 3.174557983940167
-17.515504936670254 0.07990812171714404 2.371223421291075
-17.651950239753557 0.06478951867432385 2.370701141716045
-17.692260901677116 0.06595979428401186 1.7926394760944429
-17.75295844476138 0.05852966219319106 2.12602020567267
-17.721531166208642 0.06984329153533235 2.7508517625891225
-17.742488658805453 0.0600653666138495 2.1163438655862166
-17.594026580278147 0.06688575296511165 2.02484908193897
-17.771137066642055 0.05588048879902843 1.5726464407331422
-17.52336493403892 0.06878455796908488 2.136176208010574
-17.758335821459045 0.06453215296736647 2.668026289431928
-17.546886628115413 0.08982472460154953 3.420923917604907
-17.72626736482629 0.06797413129618923 2.4511098666871662
-17.725020659760364 0.06479545817112183 2.3122718688962633
-17.577255807480736 0.08212456022865135 3.1516624086008855
-17.585874842723783 0.06705729714440807 2.2205398797226157
-17.76658238491024 0.06330894038712685 2.545511722632066
-17.516837237163863 0.08880425766809844 3.333866727711847
-17.72900038481142 0.08179423227862846 3.3426940326940757
-17.65984023423941 0.060301331312288986 1.9267298712357737
-17.668706925811463 0.07200178229804435 2.5733508741439786
-17.484512990005854 0.07472225719553713 2.3527655511733725
-17.794141299499405 0.06129334273910606 2.517119987729731
-17.64122039043453 0.0729234705555736 2.3414212051505126
-17.731672949743718 0.06360864504236705 1.8523153532241778
-17.754475243332323 0.05894088752782723 1.6445120239435278
-17.729581970466725 0.06199731753741824 2.433212796561396
-17.634144256729147 0.05771836190595577 1.7186741383830126
-17.6563318512316 0.06144446635931319 1.6512855060729472
-17.663330371971572 0.0715002789894124 2.0467071993609034
-17.73344747188876 0.052137717725351175 1.5004613635636654
-17.61293586751541 0.06618832664235468 1.689127323701912
-17.648206455975657 0.05761028313143417 1.6226561145070697
-17.71716449097988 0.06450117171817675 2.272955840313489
-17.604019471696528 0.08094324321740926 3.2947855348169512
-17.760435596317457 0.06806297255988601 2.433982744365506
-17.771181210572454 0.06014969428724823 1.8521770945919016
-17.763281517781145 0.05480731791905981 1.8021182042562267
-17.683045166892366 0.07034657935552692 2.505770426043406
-17.73858624361969 0.06610736008953082 1.9192691672354742
-17.712244059222932 0.07324311497898352 2.3807816870752956
-17.638426295394375 0.06660096078912285 2.7785110772140493
-17.62566758777749 0.07228725205252609 2.324602265985116
-17.758313826700167 0.05464112969643456 1.9887088798609671
-17.661744048299806 0.0692435965130911 2.6233102728508007
-17.724813849968694 0.05672016984242934 1.709589398214661
-17.650349811996602 0.05268304345821134 1.5477325575899594
-17.77015960068419 0.048077351537718596 1.4137895328149326
-17.739352747148303 0.05617868686059469 1.8118337948509327
-17.71113492803034 0.062243777819083496 2.384395856242212
-17.580383935451856 0.06874998926458199 2.0507603553336136
-17.68693351084623 0.056148517135753175 1.4925595217243957
-17.735111364511024 0.060920710610252275 2.0096049473180093
-17.639332928364436 0.0701078822769592 2.360619291325231
-17.643877938521 0.06201032886183345 2.0484614552905827
-17.683054740078447 0.05576729427433898 1.849865849430342
-17.797715138898223 0.058116887035063944 1.5326592292191568
-17.55730961284418 0.08486745867730293 3.503830033342056
-17.6745909082589 0.0642604401032828 2.1344853731342046
-17.697524093415808 0.06273728448009595 1.8856293395813073
-17.722870712214203 0.061556017285638254 2.3840362236134807
-17.746411993053623 0.0630242580039776 2.2419770670251333
-17.744934865674402 0.05543689415798865 1.5981057798919425
-17.753026361401286 0.06105703553033359 2.866183632464435
-17.837543168494772 0.0496848070563267 1.7577075295734832
-17.681073071621977 0.06251485906163086 1.917903109582177
-17.625207240301346 0.07221555271181948 2.804380851553766
-17.660507190789424 0.06168417125425359 1.981775525591158
-17.642114338983653 0.06356091711372956 1.8311621889754575
-17.767526684060144 0.05964670753709845 1.9535268516801674
-17.76258662397641 0.05702291326396042 1.7146527314493678
-17.64140059687432 0.06943467610235111 2.2834036152508683
-17.71048928428035 0.07117487522570885 3.2046413353489447
-17.69549728651797 0.06093792249223425 2.1390596552713292
-17.621445899736006 0.06149075654325294 1.9943927109695876
-17.808190456301674 0.06822416119862222 2.394702253389882
-17.7540861426141 0.06269592100312645 2.3233326145186806
-17.622769857015413 0.061455874957523346 1.9744105736773134
-17.75324822826063 0.05329424309871345 1.612666782017877
-17.66219069277362 0.07098399912109805 2.34980398014444
-17.776928549967234 0.05228026815609431 1.595092192842281
-17.763192975428826 0.0655800413880984 2.492099055192277
-17.80639435035116 0.0658184814635514 2.998546120319777
-17.604137705469405 0.07017062969508991 2.4475702054168145
-17.738686555342493 0.06660883324281983 2.409427698847565
-17.777115217118254 0.052473390797773835 2.3078688693712235
-17.65892101528696 0.07489467192227342 3.0633318991085194
-17.629435576937784 0.07544915821472864 2.6663060664875897
-17.71783697015373 0.04891296513557838 1.1875515043258946
-17.6852802956158 0.07092840668320516 2.9605142682686716
-17.65054578013157 0.06681306393865334 2.3687559945043963
-17.71868064429564 0.06072054936016474 2.359542588487099
-17.77532243846583 0.055381200155716806 2.136446079478245
-17.523128055130556 0.07084285926497914 2.1954169933053556
-17.774719467050456 0.05213851924416383 1.3754324108861653
-17.850409817578477 0.056984777063148355 2.331437596731232
-17.630909011852985 0.0553254952222657 1.539999736603522
-17.73196817895571 0.05982919899733936 1.8655577703582087
-17.60680891203656 0.06818092974772531 2.4326342236850316
-17.672700398673182 0.07257346200339747 2.8527677222303156
-17.54387971669193 0.07676984843540889 2.6085335873134516
-17.670354763006294 0.06420267004123942 2.484737416037816
-17.742325911663123 0.06609712733141357 2.3828974148736655
-17.70104537515365 0.06115695532064269 2.222012401106531
-17.6427061943194 0.06907230941846194 2.336452334953472
-17.69387955356526 0.0630678517214058 2.123097440735017
-17.640519408441452 0.0627278501478673 2.3235177316362394
-17.70556571641625 0.06133261999094024 2.076967153571296
-17.664215205013242 0.07249935594853499 2.524954844904665
-17.719169912960147 0.05694507070419091 2.0605573436069125
-17.76496127409439 0.05501288424156823 1.9089155144074201
-17.78324499329496 0.05959318955728429 2.492222029019167
-17.734480286243674 0.0525733140644515 1.5465685892053669
-17.696881977707058 0.061408527452304754 2.1432047347539056
-17.629757265313717 0.08388469512404717 3.5429047904398283
-17.69018276312416 0.06935444398021612 2.5728175799308945
-17.657866806892567 0.06776376331497651 2.1297223378074466
-17.826856992558728 0.04618411066756372 1.5679659440330824
-17.575920352810297 0.07047146196945339 1.8699772332793447
-17.70025581525835 0.0669697530832186 2.274661363858309
-17.706733372540608 0.05683100395166494 1.4998334170788477
-17.845696933554787 0.04529451057955704 1.3830225129001208
-17.74673227771721 0.06373071613465475 2.2447182841250086
-17.78210178709495 0.05550222465674447 2.0734934994769176
-17.702190520600002 0.05795830757309123 1.939465600728329
-17.674081309170997 0.05466127397606817 1.6398522928376145
-17.701818339946165 0.07184713450982319 2.3281167046066176
-17.707207012009402 0.06431536673549501 2.5085293838395746
-17.69359572498166 0.07457557667482252 2.8355971149789405
-17.668839831901096 0.0624513424598979 1.831854138482024
-17.695413088150467 0.06388853954586639 1.9537105118217841
-17.78858855489012 0.055184023768447193 1.9603925000533797
-17.797369560443197 0.0540333537034719 1.806688584629176
-17.682585257887354 0.061788591675735964 2.266881716803787
-17.589485673087122 0.0742684280896422 2.5643104971813475
-17.769194713488286 0.06468921604545719 2.667199774167392
-17.626703342133062 0.06983742606440851 2.4140497382541013
-17.807263708803923 0.06049203489870307 2.3574702714934443
-17.708779113904814 0.06778740300914839 2.632868302208124
-17.726697776704867 0.06153101934419831 2.1672426241639995
-17.613142199846585 0.06585830846911243 2.0933629748461087
-17.714905909124305 0.05734761973493334 1.999752805487769
-17.600574998910513 0.06973143129896882 2.0786399424734627
-17.67399476055525 0.0711236506783645 2.145197956153596
-17.761966217254486 0.060855880424668864 2.4578945562535495
-17.669753209396085 0.07579216245069857 2.945221305181572
-17.685918971515502 0.058387212256734135 1.7523847429666177
-17.75551459286703 0.0714608614703524 2.851551703852495
-17.710234568361546 0.06443038224083955 2.1574017079205094
-17.687929411770618 0.0706512254966484 2.7139677991096436
-17.705794338752952 0.06812798261417399 2.6377557702479844
-17.601768239130973 0.08158982427484167 3.013229044570932
-17.75020811253608 0.06067043967295231 2.0407915570879775
-17.855882794468105 0.05112365107228434 2.1494120954647724
-17.737498802545637 0.059345489556831464 2.2206591689107396
-17.62146869212375 0.06959781098566765 2.258156469972619
-17.737287334384263 0.05520154220347843 1.6370217989225773
-17.82018118310183 0.055158080335114476 2.321895789633523
-17.65884036431884 0.06828236172429386 2.248572850765831
-17.658976198497676 0.07000182560127768 2.494834648770433
-17.66923924246458 0.06196072083689941 1.856942274548941
-17.741967849575705 0.04699460920621407 1.1368209160992886
-17.79855188898547 0.048166362959975915 1.516247675279693
-17.599360423695487 0.07022754780559876 2.2653640500195995
-17.47348884682819 0.07894924864199523 2.4629237493347103
-17.669903117622326 0.07014302835011467 2.319192880830008
-17.66764035160406 0.06583109095269453 2.1562301349884048
-17.67998314720118 0.06569365184606403 1.5452216414783146
-17.68752710930738 0.06597437043071895 1.9357202874281674
-17.654481519405746 0.060848917992621626 1.7283604255822231
-17.68014857586766 0.06395155855657862 1.9787385827251232
-17.817330419145886 0.05782576784357639 1.7937552964011338
-17.76936463484744 0.05723302141382768 1.7359018102074821
-17.74437507886877 0.06487210604031772 1.9026657712220554
-17.69481954405162 0.06477257073766941 2.023106022506822
-17.738563511866467 0.056673547667337634 1.953828003434534
-17.66382986187389 0.06756975724545194 1.6890506532337102
-17.659638682578688 0.05859520599474535 1.6931454290843084
-17.756883157551666 0.06895943939441017 2.632443794560784
-17.71711832025809 0.05542705299877903 1.6799240316144504
-17.77871214536378 0.05828154089803906 1.7110594417866256
-17.832902025321665 0.04847178430090674 1.4331484106380472
-17.6998275821588 0.06451601714912049 1.0522333688229308
-17.751594133303087 0.06273551097607864 2.423728064664169
-17.75641125495122 0.054597696890825304 1.473005347496272
-17.666129737381944 0.05607138202167325 1.4957641280597083
-17.757886502134273 0.05442598548540894 1.827343833885552
-17.586721279734277 0.06468078294223065 1.8128630906406449
-17.740619161945855 0.06609974061556259 2.1291164854284648
-17.711149563074308 0.06973969224433256 3.2416280059240266
-17.79025519218806 0.05239038624081023 1.7332634512262213
-17.608479981169474 0.0886692072623907 3.189613707218103
-17.75825314306018 0.061147133111958046 2.2100826797360793
-17.838478969482132 0.05459935470855656 2.1669762116062965
-17.70872102635471 0.05875307739692274 1.572052912745657
-17.895979189200528 0.04471237216931373 1.5487726579858325
-17.585041203123343 0.07938247681710753 2.5765267350257064
-17.76118741952661 0.06677743262949351 2.902067465919652
-17.732599548386307 0.06872425974704176 2.497868614637736
-17.760671446635342 0.059553774693194235 2.377764903919541
-17.727607853243864 0.053158096341998966 1.4707969356078985
-17.797732667583723 0.0531500033385249 2.0343194998376615
-17.709796984181125 0.05525359199215496 1.554714270800147
-17.619036882342822 0.062451549623960614 2.0306999613122945
-17.55235679206789 0.06701797360064128 1.9039841062869227
-17.721535353285674 0.06585392808083698 2.6362681848891585
-17.861190340647255 0.05445778401063931 1.748855177398874
-17.599756954357314 0.07028922968998393 2.486252808200099
-17.719574844178794 0.06632318057438794 2.849957763254432
-17.483807105220574 0.08374781644433196 2.3970204635154118
-17.743544189098323 0.06392883681562997 2.073094980095425
-17.69543223419409 0.057253974734386426 1.720210568940335
-17.624759109089887 0.0771654375149974 2.4279579471508455
-17.711390720849078 0.0666844820221505 2.4348973298167316
-17.77830927327316 0.055350965741996765 1.6992472316158338
-17.715032555202804 0.06673206026983469 2.1564939558816594
-17.562806475357558 0.07737429026609591 2.550529425647277
-17.65849329765285 0.06870160912473453 2.6212964768495204
-17.752095191562766 0.07492912112299464 2.961004433743908
-17.766381662836505 0.05869363125317067 1.5294060761683341
-17.69831326682589 0.06827583082553756 2.854656236260105
-17.668361929330572 0.07452451597155516 2.266534687424454
-17.63726670918188 0.0629070009875954 1.891978090689788
-17.71716883381277 0.0715008420478776 2.768491325759406
-17.783669769437257 0.058568503061750585 1.7989845458947964
-17.705385314146778 0.07261912907526066 2.9622083547293454
-17.69069682517183 0.06530103292178654 2.000958941973233
-17.67131016606061 0.07124171015286815 2.3283994145690547
-17.81641104359876 0.05514042682884628 1.7600653199293337
-17.73330157310867 0.05571583083719819 1.6627143419707968
-17.678150980828306 0.10861860350968158 1.043707121377506
-17.774294787452384 0.06279473378333608 2.461396511038491
-17.804319843396094 0.06888974967227986 2.86888906568865
-17.655032837171635 0.07065043947083134 2.53515633606593
-17.834666102579337 0.05843520704195907 2.2453860993944152
-17.802203239393197 0.06006888070652044 2.281046577226173
-17.66103574801836 0.0702631814484002 2.3452441461680578
-17.708718188544953 0.05787781436984573 2.00955908749274
-17.6636297737248 0.06273917325249916 1.8277967925647247
-17.577177406259697 0.07306381532144056 2.2307401527206605
-17.904253015942533 0.048215560414659304 1.7617006166278846
-17.741430583249315 0.05988973104571698 1.8791530276141168
-17.60437808558359 0.0748814272968779 2.6991803213383765
-17.658527217865892 0.07556153264395843 3.4148439634456467
-17.553897816516255 0.08038697318829675 1.6187679741250638
-17.803613043098697 0.061066613927536366 1.827034760540684
-17.686482013520532 0.06253561227120277 1.932752713071872
-17.65157724614714 0.06364355292531913 2.1820452070687573
-17.788759359102386 0.05429453131156467 1.641825058047906
-17.786696839441348 0.06110174676695747 1.723041411749778
-17.771463435974493 0.05547524889583931 0.879448139811942
-17.868996812053858 0.05856767973092321 2.454241603657788
-17.712340409079314 0.05706185662528202 1.9315961002107986
-17.794055338881506 0.06278452819452468 2.49365943198054
-17.671037733777478 0.06322293563695044 1.9073453755126044
-17.87218695845088 0.055855020924860506 1.9698060908742518
-17.707857279024587 0.060351346965701914 1.8672896646100297
-17.856856616867905 0.058813169306749735 2.156282864677692
-17.698421265646157 0.06455869598131976 2.326410188679635
-17.62763844199623 0.07413778106659237 2.857542459717553
-17.7690452544172 0.056593429307916006 2.1147545267219265
-17.761199509138784 0.0562370645309126 1.9921374474938909
-17.61026617988125 0.065988495548154 1.826692149632958
-17.72367266431702 0.06653349457544595 2.5467258953666847
-17.608212900991802 0.06679577448739302 1.8192651702620841
-17.687787171357307 0.06497656298502474 1.761110291298749
-17.736725650742184 0.06526067967958739 2.5657138278594496
-17.582875190702453 0.06606037933556932 1.8358107582633387
-17.716755949124064 0.06666036450059867 2.410285584670688
-17.69399281581793 0.07003274504204125 2.719420696074818
-17.758916519505913 0.05987506051232002 1.7658118135260437
-17.729261385673116 0.05922701723602783 1.6271279324681465
-17.75827086245928 0.08381511882441335 2.114572291192907
-17.86987435206223 0.0524763443713044 1.6991565927414092
-17.74401705934146 0.06785353612052548 3.264124530841802
-17.73286147198896 0.06313805836911805 2.134177592350755
-17.600673581262512 0.06630125744505044 2.3294563274560898
-17.620224186784117 0.07928294270340142 2.6256679358109825
-17.787719078332707 0.04818733128795045 1.2215507853094154
-17.757602937900607 0.06428212766924728 1.959594045370903
-17.76700713540184 0.05768715858666 2.2758057039652617
-17.74358755172665 0.060589053249065224 2.012588747105784
-17.566069186884864 0.07623452788516036 2.337580339635828
-17.782689028655927 0.05357597022582289 1.6943273288392855
-17.617615745264914 0.06420975446936528 2.1354287418543483
-17.690737576523475 0.05612272613361298 1.8808192990358652
-17.75807885500182 0.05602755352636956 1.8137539559283535
-17.715879136792292 0.05511793166495248 1.1246693028123609
-17.71282997044667 0.07085434207667746 2.812951816079541
-17.761401289973154 0.05581879200139778 2.013933645609636
-17.793504184520764 0.05269308159948992 1.6471035043827453
-17.64609590647753 0.06483886913029106 1.8695059576776103
-17.57160276858454 0.07813764745661358 3.0810224311138334
-17.59552560876991 0.07225630327432973 2.7705272214759753
-17.6983027541036 0.0711067129240645 2.7724378931536595
-17.692425681938964 0.0722952652954721 3.406823542951361
-17.724038474315176 0.05732528906663083 1.729125435192279
-17.75386845639618 0.0624158044961904 2.1218646992576313
-17.74490540016808 0.0646506780629457 2.5646161191900383
-17.575292750319527 0.07114129313123625 2.070627947674733
-17.772518124666114 0.065477206394457 2.3820609016669496
-17.757386766428617 0.058084580977220926 1.566250959714488
-17.837310153368065 0.05581192534366499 2.2748433410414135
-17.684604112695215 0.07277817432538924 2.5772136874872427
-17.637133597585436 0.07691926328910215 2.915269128376865
-17.710824116150185 0.06887338425988325 2.4412164581973284
-17.711989452767963 0.06234334304882914 1.8742716513517412
-17.72532258112373 0.07222724394254007 2.4944794925255875
-17.708323982908873 0.06945282340105162 2.7028068170940016
-17.73501195958906 0.05954961930489821 1.983979091057794
-17.761921960480862 0.052357376392074044 1.5698412988789312
-17.779975905930364 0.04987325613244011 1.6836052443437426
-17.39458699416546 0.08140366573690665 2.4256829439250223
-17.542143499085448 0.07726291741135535 2.442890538591817
-17.591515008767452 0.07235537387704308 2.4684783618677466
-17.755811523906374 0.06783352399655057 2.478733754974927
-17.61740375381671 0.06343311193122975 2.024870761648121
-17.738876485280173 0.06470567877506272 2.3860836875318476
-17.58452606265225 0.08098139674232685 2.662053684218827
-17.684576119481086 0.06675621183513211 2.020784383216481
-17.801444690508298 0.05483001815360521 2.0367455726983126
-17.780326096429633 0.055760215525290244 1.7424172382369094
-17.696563300673937 0.0666125198038303 2.1889046612701706
-17.629743708950368 0.06206504514014913 1.873677381089506
-17.695681689964584 0.06167290749997743 1.9840708074450415
-17.661257656016048 0.06366553368149906 1.982257038693548
-17.817704689425256 0.05081308506104566 1.3297666318995318
-17.789602694221923 0.061231028672461676 1.9238974497674617
-17.666662277466237 0.06328372060819369 2.2260397997102435
-17.672162419723804 0.06316139043044167 1.9193491308473019
-17.592201955154447 0.06382086435264024 1.8756816162621481
-17.785878113345344 0.0529081903876561 1.6717081118941381
-17.776140292325838 0.05720336851912452 2.1549279036331264
-17.689986618595615 0.06359706289845833 2.129891011932563
-17.752314345456305 0.06369122378254548 2.0080864176225393
-17.679150314324595 0.06859065943203435 2.643069362787317
-17.64739462050902 0.06593725240116807 2.0226636053063447
-17.786687133971817 0.062103865319860965 2.3362167642792198
-17.778920789930808 0.057801722526422225 1.9747929345267887
-17.6292968326953 0.08055667131382274 3.2033964670131274
-17.71416493913729 0.06815216416666091 2.3369207776886127
-17.739761419727408 0.05030009534776013 1.312647793465525
-17.8184592999894 0.051938103249302925 1.6683941553758714
-17.68018870632881 0.07550092937620333 2.870487483360759
-17.66317334249347 0.06984026167664226 2.48014172281319
-17.70302999659629 0.06316699419075783 2.449387857513163
-17.65063073418531 0.060441102953070674 1.7194258642204878
-17.682699104961106 0.06509656752218496 2.109650797727046
-17.708885865846288 0.06455367366973092 2.1703515947926926
-17.533906844801237 0.07051046022099727 1.8839397579666648
-17.596754625932878 0.07033618491882707 2.5730274948732004
-17.7113308074293 0.06371155041816061 2.189719854159013
-17.74821351946995 0.05868667965810587 1.9838914564207228
-17.61223555107091 0.07438522987600671 2.4260171314635395
-17.834157061836088 0.07516511060468246 3.550565943869577
-17.713895663198425 0.06286189173313363 2.0118060380811458
-17.712873960391725 0.056424071395778146 1.7637962689257658
-17.719493887501166 0.06459722285397748 2.1323181949386347
-17.88546914184133 0.06522086907485934 1.1179387934124025
-17.735745894592522 0.05101906570479547 1.6851023622488803
-17.609177318291945 0.06770807800395663 1.9419572642318719
-17.730806188568664 0.06899872807419348 3.0220305846387694
-17.58787014243789 0.06986419186236044 1.803801510137463
-17.785092019120487 0.05658113636623531 2.0061325729274353
-17.729037967201787 0.05509482848880172 2.134100053714731
-17.748417290774697 0.057175632823764144 1.6763032952187586
-17.745150343992993 0.06388743075642174 2.4350807049937773
-17.808522233886148 0.059913903569920005 2.2672188974439877
-17.622296970067378 0.0738464184114315 2.3380170668303326
-17.790556782482387 0.062199475895446873 2.0634908172988444
-17.784151136048937 0.056045534937436976 1.9390727522427889
-17.708023075072404 0.06332819360697203 2.037524265377652
-17.764203912763247 0.07147137058181775 3.543466205634978
-17.596736567000566 0.07906606489802086 3.031892488913676
-17.647427618546484 0.06568509431882022 2.1150725088705813
-17.848361660426463 0.05429224124128667 1.982509262502623
-17.775513572387208 0.0583470979497227 1.6532149140619268
-17.731063158814024 0.058855589219437544 1.8573160068412005
-17.655388641030132 0.06746978906445199 2.307136093928678
-17.72114842606558 0.06322594466599865 2.1190311666790467
-17.74502530225246 0.07196504473624646 3.542243189787941
-17.741624248112974 0.06735110293320846 1.9617987968244006
-17.578546239484595 0.06169283778480121 1.8038658139507056
-17.64415278463678 0.07665686689966096 2.669888181695129
-17.707008123658294 0.06090477517279578 1.5405634096035477
-17.80757434916818 0.05679259311816286 1.4564647730088653
-17.829019695760778 0.05779736006723838 1.9784693841340903
-17.767072820129542 0.05867251252845426 2.0859343767250866
-17.523587003024375 0.0759093523859405 2.780223835179513
-17.75899207315414 0.06862889981121623 2.989816438686838
-17.72171892278088 0.0581826180918462 1.8567875686948287
-17.774841607698836 0.052609808187999235 1.7343250974258955
-17.612419493374546 0.07070463867563684 2.1107195146896127
-17.716193177689558 0.06722110327169424 2.3352996560970065
-17.79515904419211 0.0604090334462859 2.129246239545684
-17.602854144306033 0.06488090916314396 1.9554688698070688
-17.732879682132854 0.0580208017705808 1.5170708303463813
-17.881192387934 0.0690646038248476 3.0155120065630987
-17.553788691743964 0.06740259956060286 2.359055586075101
-17.697687891286602 0.06565935283881627 2.1418797927616726
-17.846451163157436 0.06476799450669281 2.17988966381263
-17.778359166008055 0.05534933936960545 1.6078605106357395
-17.56029127019384 0.06990861852083984 1.9923647572807845
-17.70506284330597 0.0583962201083228 2.0710152659887338
-17.906487158423424 0.055042186311927636 1.9981157537320202
-17.718193530798427 0.06967239336869291 2.218649702042301
-17.736321134262784 0.07394346777259167 3.319912455705713
-17.598141578549537 0.07667415342140128 3.2189823761813794
-17.71751436867748 0.06611212491779415 2.7261564389555017
-17.72977231554713 0.061462728469135426 2.391889112762689
-17.59898541539779 0.07098261392142112 2.227473180755344
-17.654181147882785 0.06896160677875782 2.472274988859058
-17.73265109490497 0.05607363827050812 2.094286875310743
-17.656739796160117 0.06777576194397654 2.193952305652784
-17.783024494753935 0.05184835874820686 1.7838604426720055
-17.5674230521709 0.07289139301767301 2.5202206103057336
-17.68305035060342 0.07469693428035877 3.062209083203695
-17.698502037680036 0.05905783695441266 1.9332072092296881
-17.720147759041605 0.06054961758581098 1.9075682094163668
-17.75838319902136 0.062256894601802615 1.936974114586651
-17.812706615787725 0.058491428567172946 2.090845547568954
-17.836004069472246 0.05605592736153245 1.8414064347094685
-17.694067207530455 0.06687418419352864 2.6186809551669126
-17.75003998034367 0.05824130622325076 2.257734780848275
-17.780511537824534 0.06402371109200954 2.1407990082256982
-17.69309864192594 0.0655225364707169 1.0852550969024846
-17.7259993009061 0.06239132602425593 1.7473583003248008
-17.67665068354927 0.0714789874386311 3.0361393116404525
-17.791753019961472 0.05537461257594959 2.046562305232893
-17.74812394000056 0.06267140526710628 2.222565834445779
-17.66037211508907 0.06245881561957658 2.1376660796592355
-17.643032579489898 0.07393008130640226 2.6140444953718167
-17.656119005711076 0.06451479683095844 2.3948115360781066
-17.68343283923946 0.06496655540124519 2.3012898653810923
-17.713106218954447 0.06619000325930614 2.333434202895166
-17.764975948895916 0.059095434211175364 2.123690816323855
-17.791996879712084 0.061608543674501644 2.5009643230885774
-17.77111520802063 0.05560216288177235 1.6451416113439934
-17.66577085673053 0.0696221660639375 2.599280274007415
-17.63279667533885 0.07700086881723563 3.3834962599268605
-17.636413514475432 0.07358783439109592 4.056554027826293
-17.62347755600643 0.0645446238032323 2.123743989276091
-17.677245298517196 0.0689859594731572 2.581519825572156
-17.669230052423718 0.06870107382014415 2.114023291283822
-17.72640301822673 0.05697770389482482 1.7479305318764418
-17.72317566998466 0.055166597883093714 1.6603096294771884
-17.75210259728417 0.06343747216708409 1.9657058098563605
-17.67855983103258 0.05923687808382819 1.731725985909569
-17.653945480653455 0.07049036821528525 2.3290472339955377
-17.67828018142931 0.06925434494970432 2.5628812435164003
-17.631675015844646 0.07544851454658429 2.793898263493611
-17.58700636256129 0.06543515788055307 2.0193283204363643
-17.659285369554592 0.06498677684832196 1.9048898989699117
-17.821798003703975 0.061059465636397255 1.9190246234046633
-17.674662282145956 0.07461871958617093 2.8524792620350956
-17.722142519643207 0.06461525450435507 2.6582400867987577
-17.53793116897738 0.08089965425384045 2.779885001713181
-17.697678888249595 0.0639417774123342 2.1021012213022265
-17.658442163384557 0.06674639234844972 2.1249600972638123
-17.744402599009423 0.061085837234181824 2.481108017732275
-17.655887404601813 0.06542613761053184 1.9285622284496058
-17.70146606988301 0.0645526987505717 2.1971031868610127
-17.654053016737954 0.07396631431448396 2.362016692567282
-17.649207621222455 0.07941861872572328 3.1570264800287062
-17.72166244563205 0.0628856536814353 2.0757457407147615
-17.649036431642788 0.06700359357661194 2.1090008397764763
-17.69534661024974 0.05806846588578773 1.797940220418611
-17.69490688986124 0.060946732749344375 1.8656692234724641
-17.65211813537232 0.07126710199897912 1.8065150307468962
-17.72608208750869 0.07194455845902598 3.148782021083065
-17.662570396011347 0.06657705894871059 2.2062202591943683
-17.61757759039683 0.06644906540050498 2.331763731105706
-17.779556847046887 0.05918084418336973 2.2654684613691245
-17.64323564324457 0.06610000443060192 1.9281800695258369
-17.688989808123992 0.06131639609554049 1.6856555775319157
-17.606304618513114 0.06317900216480328 1.7709792905477117
-17.815321767501867 0.06611567346704282 2.7761623360515224
-17.786492507573836 0.0561371463015393 1.9302109426998317
-17.812292902407894 0.06040613326872511 2.4293394219703086
-17.69112406554886 0.06644886793233726 2.0311480677972793
-17.589226415355185 0.07299717735729148 2.173494738672819
-17.750323414992515 0.06797799783750283 2.5934703760611364
-17.708049517171453 0.059492771349548675 1.780728025480471
-17.673201460806904 0.06595752129577663 2.41166896110126
-17.712580706569554 0.06576634752147008 2.1823216778167263
-17.821628039807965 0.05586424207166463 2.0718113573983183
-17.739772799769007 0.0649160752429732 2.136727321204449
-17.68121136636073 0.0624672136259157 2.1508057399192118
-17.79020350983958 0.060244749506159 2.459575555377971
-17.783401868602176 0.0563849317126742 1.8253895982358221
-17.66521128673831 0.06875481722678008 2.093558576997292
-17.750522601058794 0.06582287273060931 2.1305028691026595
-17.76260375518325 0.060043217729122536 2.3046467611701775
-17.650571235325618 0.07107195218212746 2.29625878124549
-17.635381192988884 0.06397165294104 2.4016827922931654
-17.66204292841878 0.07786255268909954 3.3152623910201893
-17.72641082587872 0.06289787567652659 1.8091790539464565
-17.725333115482805 0.05955002569293463 1.7282998117950035
-17.701067674848673 0.06662975053238038 1.8176996566360493
-17.820051085572043 0.06345972721316695 2.6140525129184775
-17.697804342379374 0.05131530554945434 1.1948289332143376
-17.641302817721623 0.06509444599540726 2.0642523263973818
-17.801436068790473 0.05889151796769396 2.0405053918604406
-17.821806222903668 0.05929717468442269 2.536376377466683
-17.76355178241993 0.06437837678281469 1.661675652938261
-17.689216133731055 0.05503144312791447 1.7474275683903118
-17.62654473525028 0.07627843247684504 3.184240945902781
-17.50149404785301 0.10688081288927846 -0.3075740628506227
-17.796636176218485 0.05700606896064825 1.644309881305635
-17.653364575258085 0.06958930654130133 2.855963794547752
-17.66848609225977 0.05178475249559141 1.5189247316620693
-17.66515867828674 0.06831211978075548 2.4262573405117567
-17.66290018802922 0.06159703439088626 1.8190209917521383
-17.776828621804466 0.06301281561634497 2.3074058352850915
-17.539243427103607 0.07787911650347627 2.9723601440202647
-17.695399698635857 0.08110440342490045 3.300105115308158
-17.577030639277517 0.07455798566597222 2.7778228335927095
-17.624497692410447 0.07516736273664817 2.7122198396447192
-17.831310664136918 0.06425076856924913 2.336814133500609
-17.71787955068747 0.0592486153380362 1.5985268947074385
-17.742051107050997 0.06009245601785216 1.587685410422254
-17.753631563732487 0.05555545743489274 1.9910643649707906
-17.716327158654007 0.059144210931886154 1.9541325198323398
-17.60028998219192 0.07154239853720834 2.5742740229831207
-17.750012967641894 0.0636889411703354 2.413199179301224
-17.68507541084985 0.06251638009394554 2.050376089673686
-17.72659815399616 0.05685316324116026 1.9146641912942437
-17.735191741548245 0.07216464067838807 1.131779896573582
-17.71427470724418 0.06751631856939522 2.6830021417627443
-17.680069830254308 0.06665491757396966 2.2323446819028474
-17.75071514878962 0.05961824941530888 2.3003035698684906
-17.599873226949363 0.07718060315364693 2.363202155668882
-17.821772472445346 0.056410555988990564 2.1281606404914912
-17.757238383988657 0.06267019771452642 2.402115741872521
-17.695360476037234 0.06292319717466441 2.207080884953637
-17.799841963332067 0.058194764564332896 1.904290505945049
-17.64633529778297 0.06533421002587125 1.9083580124337596
-17.656453552127786 0.06235485626762969 1.6647008368621425
-17.695980929722033 0.056253376031063874 1.7337303459171327
-17.75888116432134 0.05141468514759565 1.5756005201017045
-17.663849987759285 0.060017376347991654 1.8456787119196396
-17.64393983180872 0.0688542217075322 2.1829610850724888
-17.719825829961277 0.056985200464541856 1.9190388969815846
-17.631876752434323 0.06500931761890862 2.289070921405485
-17.495565739531827 0.08672492112144625 1.6784293686066194
-17.60228582873716 0.06796700618633966 2.271771902453592
-17.804331103368934 0.057279123032043654 1.914702162764422
-17.74446049107249 0.06423312266051279 2.0407527562779153
-17.676506772575053 0.0630808102427799 1.9401754317016704
-17.632968204244214 0.06718193376474425 1.8549255243415526
-17.55029567281358 0.06633520009051885 2.0389155777833814
-17.699476437697577 0.06060693536880739 2.0840510425040644
-17.694416723560362 0.06655050705531118 2.3185660323886665
-17.6350102270336 0.07287302349383983 2.50435019082405
-17.64420389557024 0.06583784979868279 1.8312434044851464
-17.740689066885793 0.07330110026498136 3.3197216327247028
-17.616781202052454 0.06882765658422399 2.2357320574265342
-17.691736684720038 0.05354624981381076 1.608098141084378
-17.64931738049133 0.06386188776864522 2.060005046480045
-17.64030043876858 0.06735265884249109 2.2562788130209905
-17.680992890278727 0.06593811209601823 1.852238745158934
-17.68405428600533 0.07285316120357829 3.0818010999064303
-17.8653914228467 0.05167519644608124 1.8266894069455324
-17.638281912590404 0.061647311256790904 1.8421823299672195
-17.558891101455394 0.0697617695107012 2.1429465068746363
-17.80625214948215 0.06239951888547097 2.198028512694468
-17.69641267888733 0.07609878068543892 1.4764419320165636
-17.721072028273195 0.06172915325056531 1.613312088286433
-17.673065276575244 0.07677810132840228 3.0601549401764263
-17.736128404696746 0.06283279963177438 2.0043300071705126
-17.792005424996947 0.06201835382240854 2.4866198866794056
-17.67881274121984 0.06104743734906513 1.850657372380836
-17.634226348697897 0.07702436366679184 2.4851589583271547
-17.906262319473893 0.05233756953627105 1.6829945830639619
-17.724253029438216 0.07044128715356601 2.7092555746919222
-17.74740833709172 0.06684557356425201 2.3899769024133333
-17.67309453957254 0.07776896188701163 3.3821832160196803
-17.59502030096176 0.07581317443028492 2.6777777777267913
-17.715268828255418 0.05803924384771684 2.16877526732108
-17.681699923283325 0.06849381141159562 2.6030220671994253
-17.81069240023821 0.05402307477191629 1.567632212458617
-17.688500633002008 0.05395648796676083 1.2765986939377167
-17.688109501399758 0.06956345282104111 2.163086645341716
-17.72440444264135 0.05864176911183897 1.629799969308377
-17.8171059167596 0.056722691271390416 2.1867551874107765
-17.645185694146015 0.06870490084850717 2.458729978693594
-17.765132436988527 0.06091682862814487 2.0122587101962672
-17.75997251170552 0.05868038274181282 1.9553563560606602
-17.779304441655935 0.058605982798446664 1.800490053277032
-17.719741281966268 0.06521209544983377 2.5438481652324016
-17.722103905128332 0.06191572532018474 2.108648306390009
-17.63387629865099 0.07021010800332869 2.12554765059041
-17.729158739435853 0.06066242635895377 1.6802237592953855
-17.717362886874653 0.0643840539488676 1.8260297566222805
-17.708578587896337 0.05816833912581711 1.7290303975936192
-17.757177702807255 0.05891428488007421 1.7764318201860352
-17.665225455102597 0.06061576619181457 1.7255689630114857
-17.880844961593045 0.045569567493454886 1.3200491684114926
-17.779439619662732 0.05999296267050153 2.0645140678671674
-17.687206881579232 0.06307467481248026 2.099659356259691
-17.84996529959408 0.051873531817346705 1.6381613093170722
-17.79926738650234 0.05148329219557004 1.6392160548488022
-17.712570760619844 0.0620367034514118 2.133100082932388
-17.743124009583042 0.060094348772342356 1.8254840237498557
-17.663516958103877 0.0646854400279442 2.27093599803314
-17.685329492734734 0.07506083254503568 3.2540254313298043
-17.375277025617706 0.07808563845592106 2.0766227263912076
-17.65320169736086 0.07062965852947238 2.4246644797258794
-17.65626847325989 0.07329042765403034 3.015113471040675
-17.83571274402437 0.06070247582810741 2.4732426357855117
-17.72482081337698 0.06199970527906371 2.0766471633522197
-17.559303192126684 0.07355115321382863 2.597330288997881
-17.627074745401373 0.06822378354451068 2.4686388306262272
-17.708129864538616 0.06812972948778709 2.749084159862771
